32
32
1 1 1 0
2 2 1 0
3 3 1 0
4 4 1 0
5 5 1 0
6 6 1 0
7 7 1 0
8 8 1 0
9 9 1 0
10 10 1 0
11 11 1 0
12 12 1 0
13 13 1 0
14 14 1 0
15 15 1 0
16 16 1 0
17 17 1 0
18 18 1 0
19 19 1 0
20 20 1 0
21 21 1 0
22 22 1 0
23 23 1 0
24 24 1 0
25 25 1 0
26 26 1 0
27 27 1 0
28 28 1 0
29 29 1 0
30 30 1 0
31 31 1 0
32 32 1 0
33 33 1 0
34 34 1 0
35 35 1 0
36 36 1 0
37 37 1 0
38 38 1 0
39 39 1 0
40 40 1 0
41 41 1 0
42 42 1 0
43 43 1 0
44 44 1 0
45 45 1 0
46 46 1 0
47 47 1 0
48 48 1 0
49 49 1 0
50 50 1 0
51 51 1 0
52 52 1 0
53 53 1 0
54 54 1 0
55 55 1 0
56 56 1 0
57 57 1 0
58 58 1 0
59 59 1 0
60 60 1 0
61 61 1 0
62 62 1 0
63 63 1 0
64 64 1 0
2 43 0 93
3 58 0 73
4 41 0 66
5 44 0 103
5 54 0 108
6 58 0 95
6 59 0 113
6 62 0 124
7 55 0 115
7 58 0 85
7 60 0 108
7 61 0 75
8 35 0 65
8 49 0 75
8 55 0 90
9 47 0 110
9 52 0 95
9 58 0 81
10 47 0 111
10 52 0 85
10 60 0 92
11 41 0 64
11 42 0 85
11 48 0 84
11 51 0 84
11 59 0 86
13 39 0 120
14 35 0 64
14 52 0 100
14 60 0 96
15 37 0 82
17 36 0 103
17 43 0 107
17 46 0 62
17 64 0 74
18 35 0 81
18 49 0 69
20 36 0 99
21 33 0 65
21 55 0 104
22 35 0 61
22 43 0 94
22 45 0 72
22 57 0 73
22 59 0 83
22 64 0 63
23 48 0 99
24 44 0 77
24 45 0 91
24 48 0 101
24 54 0 86
24 58 0 79
25 39 0 86
25 44 0 76
28 35 0 71
28 56 0 97
28 57 0 84
28 62 0 106
29 41 0 70
29 47 0 105
29 48 0 109
30 42 0 104
31 56 0 111
32 42 0 85
