20
20
1 1 1 0
2 2 1 0
3 3 1 0
4 4 1 0
5 5 1 0
6 6 1 0
7 7 1 0
8 8 1 0
9 9 1 0
10 10 1 0
11 11 1 0
12 12 1 0
13 13 1 0
14 14 1 0
15 15 1 0
16 16 1 0
17 17 1 0
18 18 1 0
19 19 1 0
20 20 1 0
21 21 1 0
22 22 1 0
23 23 1 0
24 24 1 0
25 25 1 0
26 26 1 0
27 27 1 0
28 28 1 0
29 29 1 0
30 30 1 0
31 31 1 0
32 32 1 0
33 33 1 0
34 34 1 0
35 35 1 0
36 36 1 0
37 37 1 0
38 38 1 0
39 39 1 0
40 40 1 0
1 29 0 66
1 33 0 64
1 34 0 84
2 22 0 81
2 23 0 82
4 30 0 83
4 38 0 112
5 25 0 72
5 33 0 76
5 36 0 97
5 40 0 82
6 28 0 131
8 38 0 116
10 33 0 72
12 35 0 108
12 36 0 131
13 37 0 90
13 40 0 63
14 31 0 91
14 37 0 89
17 24 0 95
17 27 0 100
19 21 0 83
20 37 0 85
