1 1 1
2 2 1
3 3 1
4 4 1
5 5 1
6 6 1
7 7 1
8 8 1
9 9 1
10 10 1
11 11 1
12 12 1
13 13 1
14 14 1
15 15 1
16 16 1
17 17 1
18 18 1
19 19 1
20 20 1
9 9 0
1 1 0
16 16 0
13 13 0
14 14 0
1 1 0
18 18 0
13 13 0
11 11 0
2 2 0
19 19 0
13 13 0
12 12 0
15 15 0
1 1 0
14 14 0
7 7 0
2 2 0
2 2 0
13 13 0
20 20 0
12 12 0
19 19 0
1 1 0
13 13 0
19 19 0
2 2 0
6 6 0
8 8 0
18 18 0
12 12 0
4 4 0
14 14 0
6 6 0
7 7 0
2 2 0
6 6 0
18 18 0
3 3 0
20 20 0
13 13 0
8 8 0
16 16 0
5 5 0
12 12 0
20 20 0
20 20 0
8 8 0
11 11 0
8 8 0
19 19 0
13 13 0
6 6 0
6 6 0
15 15 0
7 7 0
17 17 0
7 7 0
4 4 0
13 13 0
5 5 0
16 16 0
12 12 0
9 9 0
6 6 0
12 12 0
20 20 0
6 6 0
12 12 0
12 12 0
11 11 0
14 14 0
19 19 0
20 20 0
15 15 0
12 12 0
11 11 0
15 15 0
15 15 0
17 17 0
8 8 0
6 6 0
16 16 0
2 2 0
19 19 0
2 2 0
9 9 0
14 14 0
2 2 0
19 19 0
18 18 0
20 20 0
3 3 0
5 5 0
15 15 0
15 15 0
5 5 0
7 7 0
18 18 0
16 16 0
18 18 0
20 20 0
15 15 0
18 18 0
17 17 0
17 17 0
5 5 0
10 10 0
8 8 0
20 20 0
19 19 0
13 13 0
14 14 0
15 15 0
5 5 0
6 6 0
4 4 0
10 10 0
12 12 0
12 12 0
5 5 0
7 7 0
20 20 0
18 18 0
13 13 0
8 8 0
13 13 0
7 7 0
2 2 0
10 10 0
18 18 0
16 16 0
3 3 0
4 4 0
15 15 0
1 1 0
10 10 0
8 8 0
16 16 0
3 3 0
8 8 0
16 16 0
12 12 0
9 9 0
13 13 0
10 10 0
12 12 0
14 14 0
16 16 0
16 16 0
9 9 0
8 8 0
7 7 0
10 10 0
18 18 0
16 16 0
7 7 0
18 18 0
10 10 0
8 8 0
3 3 0
18 18 0
18 18 0
14 14 0
12 12 0
18 18 0
6 6 0
18 18 0
20 20 0
9 9 0
14 14 0
15 15 0
6 6 0
2 2 0
17 17 0
16 16 0
16 16 0
20 20 0
6 6 0
11 11 0
20 20 0
7 7 0
8 8 0
20 20 0
10 10 0
2 2 0
16 16 0
7 7 0
2 2 0
1 1 0
1 1 0
3 3 0
11 11 0
19 19 0
12 12 0
2 2 0
7 7 0
14 14 0
1 1 0
14 14 0
6 6 0
16 16 0
6 6 0
10 10 0
2 2 0
18 18 0
11 11 0
7 7 0
1 1 0
17 17 0
16 16 0
19 19 0
15 15 0
12 12 0
4 4 0
8 8 0
11 11 0
13 13 0
15 15 0
7 7 0
1 1 0
11 11 0
2 2 0
15 15 0
1 1 0
9 9 0
14 14 0
12 12 0
7 7 0
18 18 0
11 11 0
12 12 0
3 3 0
13 13 0
16 16 0
4 4 0
9 9 0
1 1 0
5 5 0
10 10 0
19 19 0
13 13 0
1 1 0
20 20 0
10 10 0
13 13 0
18 18 0
5 5 0
5 5 0
4 4 0
10 10 0
12 12 0
4 4 0
7 7 0
7 7 0
13 13 0
15 15 0
12 12 0
14 14 0
20 20 0
13 13 0
20 20 0
9 9 0
13 13 0
4 4 0
15 15 0
1 1 0
6 6 0
2 2 0
2 2 0
1 1 0
8 8 0
13 13 0
19 19 0
1 1 0
16 16 0
8 8 0
5 5 0
13 13 0
11 11 0
10 10 0
19 19 0
12 12 0
10 10 0
16 16 0
14 14 0
14 14 0
20 20 0
19 19 0
3 3 0
15 15 0
6 6 0
12 12 0
11 11 0
15 15 0
20 20 0
14 14 0
3 3 0
11 11 0
18 18 0
14 14 0
1 1 0
13 13 0
10 10 0
12 12 0
8 8 0
8 8 0
13 13 0
13 13 0
12 12 0
10 10 0
1 1 0
17 17 0
5 5 0
3 3 0
13 13 0
17 17 0
2 2 0
16 16 0
17 17 0
3 3 0
19 19 0
5 5 0
6 6 0
13 13 0
20 20 0
13 13 0
2 2 0
3 3 0
17 17 0
4 4 0
9 9 0
8 8 0
6 6 0
17 17 0
19 19 0
13 13 0
4 4 0
14 14 0
6 6 0
6 6 0
11 11 0
9 9 0
16 16 0
1 1 0
11 11 0
19 19 0
17 17 0
1 1 0
14 14 0
8 8 0
3 3 0
13 13 0
12 12 0
17 17 0
20 20 0
19 19 0
14 14 0
14 14 0
18 18 0
12 12 0
17 17 0
15 15 0
11 11 0
16 16 0
6 6 0
2 2 0
7 7 0
2 2 0
11 11 0
8 8 0
2 2 0
6 6 0
13 13 0
10 10 0
7 7 0
16 16 0
10 10 0
14 14 0
15 15 0
19 19 0
18 18 0
3 3 0
15 15 0
6 6 0
14 14 0
13 13 0
20 20 0
14 14 0
5 5 0
15 15 0
17 17 0
5 5 0
2 2 0
11 11 0
5 5 0
7 7 0
20 20 0
4 4 0
12 12 0
12 12 0
12 12 0
4 4 0
3 3 0
10 10 0
18 18 0
16 16 0
3 3 0
16 16 0
19 19 0
1 1 0
13 13 0
12 12 0
3 3 0
9 9 0
5 5 0
14 14 0
8 8 0
15 15 0
10 10 0
15 15 0
13 13 0
11 11 0
7 7 0
14 14 0
13 13 0
15 15 0
13 13 0
20 20 0
16 16 0
7 7 0
3 3 0
3 3 0
13 13 0
20 20 0
12 12 0
5 5 0
2 2 0
20 20 0
11 11 0
15 15 0
9 9 0
9 9 0
8 8 0
6 6 0
4 4 0
13 13 0
4 4 0
1 1 0
7 7 0
10 10 0
7 7 0
5 5 0
15 15 0
11 11 0
19 19 0
2 2 0
15 15 0
8 8 0
16 16 0
4 4 0
19 19 0
18 18 0
11 11 0
7 7 0
8 8 0
11 11 0
4 4 0
15 15 0
2 2 0
9 9 0
4 4 0
3 3 0
14 14 0
17 17 0
5 5 0
12 12 0
1 1 0
8 8 0
8 8 0
3 3 0
15 15 0
2 2 0
17 17 0
13 13 0
5 5 0
3 3 0
17 17 0
19 19 0
17 17 0
11 11 0
15 15 0
