1 1 1 0
2 2 1 0
3 3 1 0
4 4 1 0
5 5 1 0
6 6 1 0
7 7 1 0
8 8 1 0
9 9 1 0
10 10 1 0
11 11 1 0
12 12 1 0
13 13 1 0
14 14 1 0
15 15 1 0
16 16 1 0
17 17 1 0
18 18 1 0
19 19 1 0
20 20 1 0
21 21 1 0
22 22 1 0
23 23 1 0
24 24 1 0
25 25 1 0
26 26 1 0
27 27 1 0
28 28 1 0
29 29 1 0
30 30 1 0
31 31 1 0
32 32 1 0
33 33 1 0
34 34 1 0
35 35 1 0
36 36 1 0
37 37 1 0
38 38 1 0
39 39 1 0
40 40 1 0
41 41 1 0
42 42 1 0
43 43 1 0
44 44 1 0
45 45 1 0
46 46 1 0
47 47 1 0
48 48 1 0
49 49 1 0
50 50 1 0
51 51 1 0
52 52 1 0
53 53 1 0
54 54 1 0
55 55 1 0
56 56 1 0
57 57 1 0
58 58 1 0
59 59 1 0
60 60 1 0
61 61 1 0
62 62 1 0
63 63 1 0
64 64 1 0
65 65 1 0
66 66 1 0
67 67 1 0
68 68 1 0
69 69 1 0
70 70 1 0
71 71 1 0
72 72 1 0
73 73 1 0
74 74 1 0
75 75 1 0
76 76 1 0
77 77 1 0
78 78 1 0
79 79 1 0
80 80 1 0
81 81 1 0
82 82 1 0
83 83 1 0
84 84 1 0
85 85 1 0
86 86 1 0
87 87 1 0
88 88 1 0
89 89 1 0
90 90 1 0
91 91 1 0
92 92 1 0
93 93 1 0
94 94 1 0
95 95 1 0
96 96 1 0
97 97 1 0
98 98 1 0
99 99 1 0
100 100 1 0
101 101 1 0
102 102 1 0
103 103 1 0
104 104 1 0
105 105 1 0
106 106 1 0
107 107 1 0
108 108 1 0
109 109 1 0
110 110 1 0
111 111 1 0
112 112 1 0
113 113 1 0
114 114 1 0
115 115 1 0
116 116 1 0
117 117 1 0
118 118 1 0
119 119 1 0
120 120 1 0
121 121 1 0
122 122 1 0
123 123 1 0
124 124 1 0
125 125 1 0
126 126 1 0
127 127 1 0
128 128 1 0
129 129 1 0
130 130 1 0
131 131 1 0
132 132 1 0
133 133 1 0
134 134 1 0
135 135 1 0
136 136 1 0
137 137 1 0
138 138 1 0
139 139 1 0
140 140 1 0
141 141 1 0
142 142 1 0
143 143 1 0
144 144 1 0
145 145 1 0
146 146 1 0
147 147 1 0
148 148 1 0
149 149 1 0
150 150 1 0
151 151 1 0
152 152 1 0
153 153 1 0
154 154 1 0
155 155 1 0
156 156 1 0
157 157 1 0
158 158 1 0
159 159 1 0
160 160 1 0
161 161 1 0
162 162 1 0
163 163 1 0
164 164 1 0
165 165 1 0
166 166 1 0
167 167 1 0
168 168 1 0
169 169 1 0
170 170 1 0
171 171 1 0
172 172 1 0
173 173 1 0
174 174 1 0
175 175 1 0
176 176 1 0
177 177 1 0
178 178 1 0
179 179 1 0
180 180 1 0
181 181 1 0
182 182 1 0
183 183 1 0
184 184 1 0
185 185 1 0
186 186 1 0
187 187 1 0
188 188 1 0
189 189 1 0
190 190 1 0
191 191 1 0
192 192 1 0
193 193 1 0
194 194 1 0
195 195 1 0
196 196 1 0
197 197 1 0
198 198 1 0
199 199 1 0
200 200 1 0
1 124 0 89
1 160 0 64
1 179 0 99
1 183 0 98
2 102 0 111
2 144 0 106
2 172 0 116
2 175 0 89
2 193 0 108
3 122 0 97
3 131 0 90
3 138 0 99
3 144 0 99
3 147 0 96
3 155 0 104
3 156 0 86
3 167 0 72
3 172 0 104
3 175 0 68
3 178 0 101
3 190 0 111
3 192 0 100
4 102 0 105
4 121 0 93
4 135 0 103
4 139 0 59
4 160 0 76
4 161 0 132
4 171 0 113
5 101 0 118
5 108 0 124
5 125 0 89
5 126 0 89
5 133 0 82
5 143 0 93
5 175 0 92
5 177 0 106
6 123 0 84
6 131 0 90
6 138 0 83
6 148 0 75
6 170 0 92
6 189 0 88
7 117 0 115
7 120 0 109
7 124 0 109
7 128 0 76
7 176 0 92
7 185 0 113
8 120 0 121
8 121 0 89
8 155 0 115
8 177 0 92
8 181 0 119
8 191 0 110
9 115 0 117
9 117 0 138
9 122 0 103
9 136 0 137
9 142 0 110
9 144 0 114
9 165 0 112
9 179 0 130
9 181 0 124
10 106 0 81
10 113 0 87
10 120 0 121
10 131 0 113
10 132 0 86
10 174 0 108
10 189 0 110
11 123 0 73
11 127 0 76
11 162 0 57
11 172 0 86
11 173 0 75
11 186 0 100
11 188 0 90
11 192 0 92
11 195 0 100
12 103 0 81
12 120 0 115
12 123 0 102
12 126 0 71
12 159 0 98
12 175 0 90
12 186 0 107
12 196 0 67
13 111 0 98
13 119 0 74
13 123 0 88
13 133 0 81
13 143 0 71
13 153 0 114
13 158 0 114
13 159 0 110
13 174 0 95
13 178 0 94
13 182 0 110
14 110 0 88
14 113 0 100
14 128 0 77
14 133 0 78
14 139 0 56
14 141 0 101
14 144 0 98
14 145 0 119
14 177 0 112
14 179 0 117
14 184 0 108
14 191 0 112
15 104 0 102
15 120 0 118
15 156 0 115
15 180 0 100
15 193 0 98
16 104 0 82
16 108 0 114
16 114 0 92
16 121 0 92
16 127 0 84
16 150 0 108
16 177 0 95
16 185 0 118
16 199 0 113
16 200 0 81
17 113 0 78
17 116 0 91
17 167 0 66
17 169 0 94
17 174 0 90
17 178 0 83
17 180 0 85
17 191 0 102
17 195 0 110
18 107 0 103
18 135 0 97
18 136 0 116
18 138 0 112
18 148 0 78
18 154 0 91
18 161 0 116
18 170 0 109
18 176 0 99
18 177 0 89
18 183 0 109
18 191 0 113
18 196 0 73
19 102 0 99
19 131 0 98
19 141 0 103
19 155 0 111
19 168 0 112
19 173 0 91
19 178 0 110
19 180 0 101
20 106 0 87
20 109 0 117
20 138 0 122
20 156 0 112
20 170 0 124
20 171 0 125
20 174 0 121
20 186 0 138
20 191 0 119
20 194 0 96
20 199 0 128
21 101 0 123
21 112 0 107
21 133 0 90
21 156 0 120
21 163 0 131
22 128 0 66
22 146 0 85
22 155 0 101
22 162 0 73
22 178 0 98
22 182 0 97
22 184 0 87
23 126 0 72
23 135 0 88
23 162 0 71
23 164 0 67
23 166 0 76
23 194 0 71
24 116 0 84
24 117 0 108
24 124 0 101
24 129 0 96
24 133 0 71
24 159 0 84
24 165 0 89
24 171 0 105
24 175 0 83
24 187 0 96
24 189 0 111
24 190 0 122
25 106 0 64
25 107 0 74
25 108 0 85
25 122 0 65
25 128 0 47
25 152 0 71
25 191 0 69
25 199 0 77
26 105 0 74
26 115 0 90
26 121 0 73
26 141 0 80
26 148 0 80
26 163 0 103
26 164 0 78
26 173 0 84
26 175 0 81
27 117 0 100
27 118 0 84
27 127 0 81
27 143 0 70
27 153 0 89
27 154 0 74
27 160 0 62
27 172 0 95
27 174 0 86
27 176 0 86
27 181 0 110
27 184 0 66
28 101 0 86
28 105 0 86
28 107 0 108
28 117 0 111
28 148 0 74
28 155 0 102
28 174 0 101
28 200 0 78
29 104 0 77
29 114 0 74
29 119 0 69
29 130 0 64
29 135 0 96
29 148 0 69
29 153 0 90
29 186 0 94
29 189 0 90
29 192 0 89
30 115 0 92
30 133 0 69
30 136 0 121
30 172 0 98
30 186 0 118
30 192 0 107
30 199 0 115
31 108 0 105
31 142 0 83
31 143 0 71
31 179 0 105
31 182 0 112
31 184 0 90
31 188 0 100
31 192 0 90
31 196 0 60
32 112 0 102
32 118 0 97
32 136 0 115
32 172 0 107
32 175 0 82
32 188 0 103
32 196 0 77
33 104 0 90
33 128 0 81
33 132 0 94
33 135 0 112
33 158 0 131
33 162 0 83
33 178 0 115
33 181 0 121
33 196 0 85
34 111 0 62
34 122 0 69
34 144 0 76
34 147 0 73
34 151 0 39
34 155 0 74
34 182 0 76
34 199 0 81
35 101 0 99
35 110 0 70
35 118 0 104
35 150 0 109
35 160 0 77
35 161 0 114
35 173 0 90
35 177 0 87
35 189 0 100
35 192 0 101
35 193 0 92
35 199 0 113
36 130 0 85
36 135 0 94
36 141 0 110
36 148 0 72
36 159 0 102
36 170 0 111
36 175 0 77
36 181 0 120
36 191 0 99
37 103 0 92
37 157 0 106
37 169 0 103
37 176 0 87
37 180 0 86
37 195 0 117
37 199 0 119
38 101 0 104
38 105 0 76
38 108 0 108
38 111 0 95
38 116 0 83
38 122 0 85
38 130 0 59
38 131 0 98
38 140 0 90
38 150 0 109
38 155 0 107
38 158 0 110
38 161 0 95
38 190 0 123
39 135 0 82
39 143 0 75
39 154 0 67
39 156 0 91
39 169 0 90
39 177 0 91
39 183 0 97
39 187 0 83
39 188 0 102
40 104 0 81
40 107 0 113
40 131 0 108
40 148 0 101
40 162 0 94
40 186 0 112
40 198 0 62
40 200 0 74
41 111 0 91
41 115 0 96
41 148 0 87
41 153 0 97
41 159 0 104
41 164 0 65
41 168 0 108
41 170 0 96
41 186 0 109
42 133 0 73
42 156 0 96
42 165 0 99
42 181 0 111
42 185 0 102
42 195 0 113
43 101 0 96
43 116 0 90
43 122 0 89
43 142 0 93
43 171 0 110
43 172 0 100
43 179 0 104
44 122 0 96
44 128 0 70
44 189 0 100
45 106 0 89
45 116 0 93
45 120 0 137
45 121 0 96
45 128 0 76
45 144 0 116
45 165 0 105
45 181 0 121
46 104 0 68
46 107 0 68
46 117 0 88
46 120 0 68
46 121 0 60
46 141 0 65
46 162 0 47
46 167 0 48
46 175 0 55
46 185 0 72
46 193 0 61
47 146 0 96
47 169 0 105
47 173 0 92
48 110 0 61
48 113 0 74
48 125 0 49
48 136 0 101
48 161 0 91
48 168 0 91
48 183 0 87
48 186 0 102
48 198 0 67
49 106 0 92
49 112 0 100
49 119 0 64
49 139 0 59
49 149 0 72
49 174 0 89
49 176 0 78
49 183 0 104
49 187 0 67
49 189 0 93
50 110 0 44
50 122 0 72
50 146 0 75
50 154 0 53
50 160 0 50
50 171 0 72
50 190 0 85
50 199 0 71
51 115 0 89
51 119 0 76
51 131 0 97
51 151 0 53
51 189 0 97
52 105 0 79
52 111 0 99
52 139 0 57
52 142 0 95
52 148 0 79
52 149 0 74
52 156 0 95
52 163 0 109
52 169 0 97
53 133 0 70
53 149 0 76
53 160 0 54
53 165 0 73
53 196 0 49
54 105 0 76
54 117 0 96
54 138 0 113
54 141 0 92
54 146 0 77
54 152 0 82
54 165 0 98
54 184 0 76
54 189 0 92
55 123 0 87
55 130 0 66
55 158 0 112
55 173 0 89
55 198 0 61
56 104 0 99
56 119 0 77
56 125 0 65
56 151 0 78
56 158 0 133
56 159 0 105
56 169 0 110
56 173 0 78
56 178 0 93
56 182 0 102
56 193 0 101
57 111 0 101
57 115 0 94
57 122 0 98
57 138 0 114
57 146 0 80
57 147 0 102
57 188 0 112
57 194 0 66
58 104 0 65
58 118 0 68
58 121 0 68
58 126 0 57
58 141 0 73
58 143 0 53
58 147 0 85
58 156 0 74
58 171 0 79
58 175 0 58
58 200 0 69
59 130 0 52
59 160 0 47
59 168 0 91
59 170 0 89
59 193 0 65
60 125 0 46
60 126 0 50
60 147 0 81
60 151 0 41
60 186 0 76
60 187 0 72
61 102 0 89
61 103 0 65
61 116 0 83
61 127 0 65
61 165 0 93
61 173 0 71
61 181 0 98
61 183 0 90
61 189 0 91
62 105 0 89
62 113 0 83
62 116 0 87
62 132 0 81
62 164 0 75
62 165 0 100
62 172 0 99
62 191 0 97
63 119 0 60
63 121 0 82
63 122 0 84
63 139 0 50
63 147 0 86
63 150 0 99
63 152 0 93
63 153 0 91
63 159 0 94
63 160 0 67
63 182 0 96
63 187 0 76
63 190 0 111
63 198 0 71
64 110 0 60
64 113 0 74
64 126 0 63
64 143 0 71
64 148 0 61
64 163 0 94
64 167 0 62
64 170 0 89
64 181 0 99
64 182 0 98
64 189 0 88
65 103 0 67
65 119 0 73
65 121 0 82
65 149 0 78
65 152 0 96
65 187 0 88
65 195 0 107
66 111 0 99
66 131 0 98
66 155 0 102
66 171 0 105
66 183 0 101
67 101 0 92
67 126 0 43
67 145 0 84
67 156 0 76
67 158 0 83
67 173 0 56
68 132 0 71
68 148 0 67
68 178 0 81
68 187 0 85
69 103 0 56
69 113 0 62
69 117 0 85
69 138 0 76
69 156 0 75
69 175 0 55
69 200 0 60
70 110 0 75
70 118 0 89
70 126 0 66
70 127 0 70
70 135 0 88
70 149 0 74
70 153 0 119
70 161 0 108
70 167 0 72
70 173 0 84
70 178 0 100
70 191 0 112
71 115 0 64
71 117 0 79
71 128 0 58
71 134 0 77
71 153 0 67
71 165 0 73
71 194 0 48
71 195 0 91
72 139 0 45
72 143 0 71
72 144 0 86
72 146 0 69
72 152 0 70
72 159 0 85
72 161 0 77
72 178 0 76
72 187 0 73
72 190 0 110
72 194 0 51
73 103 0 59
73 112 0 81
73 113 0 61
73 124 0 85
73 128 0 61
73 156 0 76
73 159 0 82
73 163 0 75
73 181 0 85
73 186 0 82
74 108 0 90
74 113 0 73
74 135 0 70
74 160 0 51
74 165 0 67
74 167 0 56
74 170 0 79
74 177 0 71
74 182 0 88
74 188 0 77
74 191 0 88
74 199 0 89
75 145 0 107
75 148 0 87
75 167 0 79
75 181 0 106
75 182 0 107
76 120 0 117
76 125 0 63
76 132 0 68
76 134 0 105
76 143 0 76
76 148 0 66
76 151 0 57
76 157 0 92
76 158 0 109
77 106 0 66
77 116 0 74
77 117 0 90
77 128 0 59
77 138 0 94
77 152 0 67
77 153 0 85
77 154 0 69
77 181 0 88
77 186 0 93
78 105 0 67
78 121 0 56
78 132 0 71
78 133 0 64
78 182 0 74
78 188 0 72
79 116 0 66
79 143 0 59
79 177 0 74
79 183 0 71
79 187 0 77
79 195 0 81
80 112 0 100
80 123 0 106
80 145 0 106
80 147 0 94
80 149 0 78
80 153 0 99
80 169 0 104
80 176 0 87
80 193 0 94
81 157 0 133
81 171 0 122
81 192 0 126
81 194 0 81
81 200 0 94
82 107 0 93
82 121 0 82
82 123 0 84
82 126 0 67
82 146 0 88
82 150 0 99
82 163 0 101
82 171 0 99
82 172 0 99
83 107 0 100
83 108 0 118
83 114 0 93
83 126 0 80
83 127 0 90
83 135 0 97
83 138 0 118
83 146 0 94
83 152 0 78
83 156 0 103
84 107 0 114
84 115 0 106
84 116 0 95
84 127 0 81
84 134 0 127
84 142 0 103
84 160 0 79
84 162 0 88
84 164 0 82
84 169 0 102
85 111 0 82
85 112 0 92
85 121 0 68
85 126 0 62
85 139 0 50
85 143 0 56
85 147 0 84
85 166 0 80
85 176 0 89
85 190 0 97
86 138 0 115
86 139 0 63
86 152 0 107
86 175 0 91
86 177 0 96
86 188 0 122
86 200 0 88
87 109 0 102
87 111 0 110
87 134 0 129
87 155 0 110
87 177 0 90
87 193 0 87
88 117 0 121
88 130 0 80
88 142 0 107
88 168 0 132
88 194 0 77
89 113 0 73
89 118 0 84
89 124 0 86
89 148 0 68
89 160 0 56
89 167 0 60
89 172 0 88
89 174 0 80
89 179 0 88
89 185 0 93
89 193 0 72
90 114 0 82
90 116 0 81
90 128 0 51
90 154 0 64
90 156 0 81
90 157 0 82
90 159 0 88
90 177 0 82
90 191 0 96
91 114 0 86
91 118 0 90
91 120 0 114
91 127 0 77
91 132 0 72
91 136 0 113
91 153 0 98
91 177 0 88
91 190 0 111
92 123 0 102
92 138 0 115
92 156 0 107
92 161 0 106
92 169 0 102
92 185 0 117
92 190 0 132
92 191 0 103
92 193 0 101
93 114 0 106
93 117 0 114
93 128 0 78
93 138 0 111
93 157 0 112
93 182 0 103
93 200 0 73
94 141 0 63
94 152 0 68
94 159 0 69
94 161 0 83
94 191 0 74
95 139 0 38
95 152 0 62
95 163 0 69
95 168 0 66
95 194 0 37
96 107 0 104
96 112 0 100
96 121 0 74
96 135 0 93
96 138 0 104
96 140 0 88
96 142 0 90
96 143 0 72
96 156 0 106
96 162 0 76
96 170 0 92
96 176 0 101
96 184 0 97
97 126 0 54
97 127 0 64
97 133 0 47
97 153 0 61
97 155 0 87
97 158 0 80
97 165 0 72
97 169 0 79
97 179 0 77
97 181 0 85
97 184 0 58
97 186 0 79
98 111 0 74
98 114 0 64
98 117 0 72
98 139 0 34
98 142 0 61
98 145 0 67
98 153 0 68
98 161 0 78
98 168 0 73
99 107 0 90
99 111 0 95
99 137 0 74
99 172 0 96
99 180 0 83
99 189 0 90
100 116 0 88
100 121 0 84
100 138 0 113
100 142 0 94
100 156 0 95
100 165 0 93
100 187 0 81
