1 1 1 0
2 2 1 0
3 3 1 0
4 4 1 0
5 5 1 0
6 6 1 0
7 7 1 0
8 8 1 0
9 9 1 0
10 10 1 0
11 11 1 0
12 12 1 0
13 13 1 0
14 14 1 0
15 15 1 0
16 16 1 0
17 17 1 0
18 18 1 0
19 19 1 0
20 20 1 0
21 21 1 0
22 22 1 0
23 23 1 0
24 24 1 0
25 25 1 0
26 26 1 0
27 27 1 0
28 28 1 0
29 29 1 0
30 30 1 0
31 31 1 0
32 32 1 0
33 33 1 0
34 34 1 0
35 35 1 0
36 36 1 0
37 37 1 0
38 38 1 0
39 39 1 0
40 40 1 0
41 41 1 0
42 42 1 0
43 43 1 0
44 44 1 0
45 45 1 0
46 46 1 0
47 47 1 0
48 48 1 0
49 49 1 0
50 50 1 0
51 51 1 0
52 52 1 0
53 53 1 0
54 54 1 0
55 55 1 0
56 56 1 0
57 57 1 0
58 58 1 0
59 59 1 0
60 60 1 0
61 61 1 0
62 62 1 0
63 63 1 0
64 64 1 0
65 65 1 0
66 66 1 0
67 67 1 0
68 68 1 0
69 69 1 0
70 70 1 0
71 71 1 0
72 72 1 0
73 73 1 0
74 74 1 0
75 75 1 0
76 76 1 0
77 77 1 0
78 78 1 0
79 79 1 0
80 80 1 0
81 81 1 0
82 82 1 0
83 83 1 0
84 84 1 0
85 85 1 0
86 86 1 0
87 87 1 0
88 88 1 0
89 89 1 0
90 90 1 0
91 91 1 0
92 92 1 0
93 93 1 0
94 94 1 0
95 95 1 0
96 96 1 0
97 97 1 0
98 98 1 0
99 99 1 0
100 100 1 0
101 101 1 0
102 102 1 0
103 103 1 0
104 104 1 0
105 105 1 0
106 106 1 0
107 107 1 0
108 108 1 0
109 109 1 0
110 110 1 0
111 111 1 0
112 112 1 0
113 113 1 0
114 114 1 0
115 115 1 0
116 116 1 0
117 117 1 0
118 118 1 0
119 119 1 0
120 120 1 0
121 121 1 0
122 122 1 0
123 123 1 0
124 124 1 0
125 125 1 0
126 126 1 0
127 127 1 0
128 128 1 0
129 129 1 0
130 130 1 0
131 131 1 0
132 132 1 0
133 133 1 0
134 134 1 0
135 135 1 0
136 136 1 0
137 137 1 0
138 138 1 0
139 139 1 0
140 140 1 0
141 141 1 0
142 142 1 0
143 143 1 0
144 144 1 0
145 145 1 0
146 146 1 0
147 147 1 0
148 148 1 0
149 149 1 0
150 150 1 0
151 151 1 0
152 152 1 0
153 153 1 0
154 154 1 0
155 155 1 0
156 156 1 0
157 157 1 0
158 158 1 0
159 159 1 0
160 160 1 0
161 161 1 0
162 162 1 0
163 163 1 0
164 164 1 0
165 165 1 0
166 166 1 0
167 167 1 0
168 168 1 0
169 169 1 0
170 170 1 0
171 171 1 0
172 172 1 0
173 173 1 0
174 174 1 0
175 175 1 0
176 176 1 0
177 177 1 0
178 178 1 0
179 179 1 0
180 180 1 0
181 181 1 0
182 182 1 0
183 183 1 0
184 184 1 0
185 185 1 0
186 186 1 0
187 187 1 0
188 188 1 0
189 189 1 0
190 190 1 0
191 191 1 0
192 192 1 0
193 193 1 0
194 194 1 0
195 195 1 0
196 196 1 0
197 197 1 0
198 198 1 0
199 199 1 0
200 200 1 0
201 201 1 0
202 202 1 0
203 203 1 0
204 204 1 0
205 205 1 0
206 206 1 0
207 207 1 0
208 208 1 0
209 209 1 0
210 210 1 0
211 211 1 0
212 212 1 0
213 213 1 0
214 214 1 0
215 215 1 0
216 216 1 0
217 217 1 0
218 218 1 0
219 219 1 0
220 220 1 0
221 221 1 0
222 222 1 0
223 223 1 0
224 224 1 0
225 225 1 0
226 226 1 0
227 227 1 0
228 228 1 0
229 229 1 0
230 230 1 0
231 231 1 0
232 232 1 0
233 233 1 0
234 234 1 0
235 235 1 0
236 236 1 0
237 237 1 0
238 238 1 0
239 239 1 0
240 240 1 0
241 241 1 0
242 242 1 0
243 243 1 0
244 244 1 0
245 245 1 0
246 246 1 0
247 247 1 0
248 248 1 0
249 249 1 0
250 250 1 0
251 251 1 0
252 252 1 0
253 253 1 0
254 254 1 0
255 255 1 0
256 256 1 0
257 257 1 0
258 258 1 0
259 259 1 0
260 260 1 0
261 261 1 0
262 262 1 0
263 263 1 0
264 264 1 0
265 265 1 0
266 266 1 0
267 267 1 0
268 268 1 0
269 269 1 0
270 270 1 0
271 271 1 0
272 272 1 0
273 273 1 0
274 274 1 0
275 275 1 0
276 276 1 0
277 277 1 0
278 278 1 0
279 279 1 0
280 280 1 0
281 281 1 0
282 282 1 0
283 283 1 0
284 284 1 0
285 285 1 0
286 286 1 0
287 287 1 0
288 288 1 0
289 289 1 0
290 290 1 0
291 291 1 0
292 292 1 0
293 293 1 0
294 294 1 0
295 295 1 0
296 296 1 0
297 297 1 0
298 298 1 0
299 299 1 0
300 300 1 0
301 301 1 0
302 302 1 0
303 303 1 0
304 304 1 0
305 305 1 0
306 306 1 0
307 307 1 0
308 308 1 0
309 309 1 0
310 310 1 0
311 311 1 0
312 312 1 0
313 313 1 0
314 314 1 0
315 315 1 0
316 316 1 0
317 317 1 0
318 318 1 0
319 319 1 0
320 320 1 0
321 321 1 0
322 322 1 0
323 323 1 0
324 324 1 0
325 325 1 0
326 326 1 0
327 327 1 0
328 328 1 0
329 329 1 0
330 330 1 0
331 331 1 0
332 332 1 0
333 333 1 0
334 334 1 0
335 335 1 0
336 336 1 0
337 337 1 0
338 338 1 0
339 339 1 0
340 340 1 0
341 341 1 0
342 342 1 0
343 343 1 0
344 344 1 0
345 345 1 0
346 346 1 0
347 347 1 0
348 348 1 0
349 349 1 0
350 350 1 0
351 351 1 0
352 352 1 0
353 353 1 0
354 354 1 0
355 355 1 0
356 356 1 0
357 357 1 0
358 358 1 0
359 359 1 0
360 360 1 0
361 361 1 0
362 362 1 0
363 363 1 0
364 364 1 0
365 365 1 0
366 366 1 0
367 367 1 0
368 368 1 0
369 369 1 0
370 370 1 0
371 371 1 0
372 372 1 0
373 373 1 0
374 374 1 0
375 375 1 0
376 376 1 0
377 377 1 0
378 378 1 0
379 379 1 0
380 380 1 0
381 381 1 0
382 382 1 0
383 383 1 0
384 384 1 0
385 385 1 0
386 386 1 0
387 387 1 0
388 388 1 0
389 389 1 0
390 390 1 0
391 391 1 0
392 392 1 0
393 393 1 0
394 394 1 0
395 395 1 0
396 396 1 0
397 397 1 0
398 398 1 0
399 399 1 0
400 400 1 0
1 214 0 103
1 233 0 83
1 242 0 109
1 245 0 118
1 246 0 136
1 253 0 103
1 258 0 104
1 272 0 106
1 292 0 135
1 293 0 150
1 306 0 136
1 348 0 121
1 385 0 123
2 212 0 69
2 213 0 115
2 216 0 116
2 218 0 135
2 248 0 66
2 301 0 104
2 358 0 120
2 392 0 93
2 395 0 87
3 217 0 93
3 224 0 90
3 251 0 85
3 336 0 113
3 348 0 96
3 392 0 72
3 396 0 84
4 268 0 86
4 288 0 82
4 377 0 79
4 381 0 82
4 398 0 90
5 202 0 55
5 228 0 107
5 261 0 96
5 275 0 98
5 323 0 95
5 352 0 94
5 381 0 94
6 225 0 74
6 245 0 96
6 268 0 78
6 379 0 101
6 383 0 91
6 385 0 98
7 255 0 104
7 265 0 77
7 356 0 85
7 370 0 106
7 389 0 80
8 243 0 119
8 285 0 108
8 304 0 122
8 339 0 122
9 203 0 42
9 214 0 55
9 307 0 57
9 347 0 76
9 378 0 56
10 205 0 100
10 314 0 67
10 317 0 92
10 326 0 84
10 366 0 92
10 395 0 82
11 293 0 135
11 309 0 104
11 378 0 110
12 224 0 85
12 237 0 93
12 238 0 81
12 256 0 88
12 285 0 81
12 298 0 79
12 346 0 77
12 355 0 101
12 398 0 101
13 230 0 89
13 237 0 104
13 242 0 99
13 260 0 86
13 286 0 98
13 325 0 88
13 330 0 79
13 353 0 150
13 359 0 101
13 386 0 74
13 397 0 84
14 201 0 99
14 254 0 83
14 274 0 89
14 285 0 64
14 325 0 65
14 329 0 72
14 336 0 92
15 215 0 83
15 251 0 86
15 266 0 99
15 271 0 98
15 294 0 105
15 297 0 64
15 308 0 99
15 335 0 77
15 345 0 90
15 366 0 98
15 398 0 109
16 218 0 88
16 223 0 78
16 258 0 71
16 282 0 65
16 292 0 79
16 341 0 62
16 359 0 86
16 360 0 54
16 395 0 53
17 220 0 104
17 233 0 67
17 244 0 65
17 258 0 86
17 263 0 95
17 272 0 80
17 286 0 77
17 289 0 93
17 341 0 81
18 213 0 100
18 227 0 103
18 261 0 133
18 307 0 86
18 350 0 89
18 357 0 112
18 370 0 96
19 224 0 108
19 232 0 88
19 239 0 123
19 250 0 76
19 252 0 106
19 255 0 117
19 302 0 100
19 313 0 118
19 316 0 93
19 317 0 106
19 318 0 89
19 362 0 102
19 371 0 122
20 207 0 118
20 233 0 74
20 237 0 117
20 250 0 90
20 260 0 92
20 291 0 125
20 323 0 114
20 366 0 129
20 368 0 123
20 370 0 122
20 395 0 96
21 249 0 104
21 262 0 62
21 279 0 77
21 290 0 84
21 293 0 91
21 314 0 67
21 359 0 88
21 367 0 75
21 372 0 61
21 380 0 80
22 216 0 101
22 234 0 94
22 250 0 71
22 255 0 108
22 261 0 119
22 277 0 85
22 284 0 76
22 300 0 72
22 382 0 112
22 383 0 83
22 389 0 78
22 395 0 78
23 223 0 139
23 255 0 121
23 257 0 107
23 267 0 89
23 278 0 111
23 300 0 78
23 307 0 103
23 362 0 98
23 374 0 133
23 396 0 98
23 397 0 91
24 210 0 87
24 239 0 103
24 248 0 74
24 263 0 105
24 267 0 81
24 277 0 74
24 338 0 111
24 354 0 103
24 368 0 83
24 373 0 85
24 380 0 103
24 398 0 96
25 206 0 108
25 274 0 83
25 275 0 92
25 297 0 55
25 308 0 108
25 350 0 89
26 208 0 86
26 258 0 90
26 292 0 111
26 313 0 108
26 377 0 78
26 392 0 79
27 254 0 86
27 278 0 90
27 279 0 117
27 291 0 119
27 297 0 72
27 333 0 82
27 357 0 102
27 398 0 94
28 206 0 125
28 214 0 111
28 251 0 100
28 275 0 125
28 298 0 108
28 302 0 110
28 320 0 134
28 346 0 102
28 357 0 121
28 375 0 152
28 376 0 127
29 224 0 72
29 277 0 76
29 289 0 74
29 294 0 95
29 295 0 64
29 326 0 84
29 367 0 80
30 215 0 68
30 256 0 82
30 258 0 86
30 269 0 93
31 224 0 77
31 260 0 59
31 278 0 86
31 280 0 75
31 307 0 90
31 310 0 100
31 325 0 68
31 333 0 86
31 345 0 98
31 352 0 83
31 379 0 79
32 202 0 56
32 208 0 87
32 216 0 117
32 222 0 90
32 223 0 117
32 295 0 93
32 307 0 103
32 318 0 83
32 328 0 111
32 382 0 104
33 273 0 90
33 283 0 83
33 305 0 98
33 354 0 100
33 389 0 75
34 246 0 105
34 304 0 104
34 310 0 111
34 333 0 80
34 341 0 77
34 348 0 88
34 356 0 93
34 389 0 83
35 202 0 44
35 220 0 82
35 225 0 58
35 245 0 74
35 252 0 72
35 264 0 63
35 270 0 74
35 280 0 66
35 283 0 73
35 284 0 73
35 297 0 47
35 319 0 70
35 327 0 75
35 356 0 72
35 385 0 73
36 219 0 127
36 343 0 93
37 208 0 76
37 234 0 81
37 251 0 77
37 305 0 79
37 336 0 97
37 345 0 96
37 353 0 121
37 374 0 101
38 204 0 93
38 212 0 75
38 258 0 106
38 272 0 104
38 286 0 79
38 289 0 89
38 314 0 101
38 317 0 122
38 342 0 76
38 345 0 120
38 393 0 113
39 206 0 94
39 212 0 60
39 218 0 115
39 238 0 80
39 300 0 62
39 325 0 60
39 349 0 65
39 372 0 83
39 400 0 81
40 308 0 81
40 333 0 75
40 363 0 42
40 370 0 80
40 380 0 77
41 228 0 104
41 338 0 99
41 343 0 82
41 347 0 102
41 391 0 102
41 396 0 96
42 229 0 74
42 261 0 95
42 274 0 75
42 324 0 54
42 328 0 99
42 355 0 90
42 358 0 108
43 215 0 71
43 220 0 98
43 272 0 70
43 305 0 95
43 311 0 79
43 327 0 73
43 333 0 74
43 341 0 77
43 346 0 74
43 352 0 98
43 385 0 85
43 399 0 119
44 213 0 117
44 216 0 123
44 263 0 116
44 301 0 112
44 307 0 101
44 333 0 92
44 370 0 112
44 384 0 128
45 202 0 75
45 224 0 96
45 225 0 76
45 250 0 80
45 260 0 81
45 322 0 127
45 323 0 105
45 375 0 141
45 396 0 95
46 213 0 114
46 224 0 106
46 257 0 101
46 346 0 99
46 362 0 111
46 387 0 110
46 389 0 104
46 400 0 93
47 262 0 55
47 264 0 65
47 291 0 74
47 311 0 61
47 326 0 71
47 379 0 64
47 387 0 58
48 223 0 94
48 290 0 92
48 300 0 56
48 337 0 54
48 359 0 85
48 370 0 84
48 378 0 75
48 384 0 89
48 398 0 80
49 201 0 111
49 216 0 107
49 287 0 92
49 296 0 104
49 325 0 71
49 340 0 94
49 351 0 94
49 361 0 111
49 387 0 85
50 208 0 110
50 212 0 75
50 236 0 106
50 238 0 103
50 239 0 117
50 245 0 129
50 269 0 126
50 298 0 100
50 333 0 105
50 368 0 131
50 383 0 106
51 202 0 55
51 215 0 70
51 219 0 84
51 252 0 87
51 265 0 71
51 286 0 65
51 301 0 76
51 329 0 70
51 332 0 80
51 339 0 92
51 349 0 59
51 362 0 75
51 366 0 90
51 383 0 66
52 231 0 142
52 241 0 97
52 276 0 111
52 304 0 125
52 307 0 110
52 308 0 125
52 319 0 119
52 336 0 136
52 391 0 131
52 395 0 96
53 207 0 87
53 228 0 100
53 252 0 95
53 262 0 74
53 284 0 82
53 285 0 90
53 323 0 90
53 357 0 83
53 358 0 107
53 373 0 93
53 384 0 94
54 210 0 91
54 212 0 63
54 245 0 101
54 265 0 95
54 278 0 83
54 299 0 94
54 307 0 99
54 308 0 114
54 379 0 88
55 277 0 85
55 292 0 119
55 320 0 103
55 379 0 104
55 389 0 87
55 394 0 119
56 208 0 87
56 242 0 84
56 244 0 53
56 252 0 84
56 280 0 77
56 283 0 85
56 284 0 76
56 289 0 70
56 321 0 77
56 322 0 103
56 331 0 73
56 351 0 84
56 366 0 97
57 207 0 124
57 248 0 91
57 288 0 92
57 294 0 135
57 302 0 102
57 335 0 108
57 348 0 126
57 358 0 144
58 234 0 85
58 250 0 76
58 254 0 80
58 256 0 83
58 301 0 80
58 322 0 94
58 372 0 74
58 385 0 79
58 391 0 92
59 206 0 94
59 253 0 76
59 271 0 101
59 312 0 96
59 323 0 83
59 337 0 74
59 339 0 88
59 363 0 53
59 371 0 108
59 377 0 81
59 379 0 71
60 213 0 115
60 217 0 135
60 232 0 96
60 249 0 123
60 266 0 131
60 289 0 104
60 291 0 127
60 321 0 106
60 327 0 100
60 346 0 89
60 347 0 133
60 383 0 91
60 400 0 88
61 202 0 50
61 247 0 74
61 313 0 96
61 335 0 76
62 390 0 92
63 210 0 71
63 248 0 49
63 262 0 69
63 324 0 62
63 334 0 66
63 378 0 63
63 389 0 65
64 241 0 75
64 263 0 94
64 265 0 80
64 279 0 110
64 294 0 96
64 296 0 99
64 305 0 103
64 306 0 107
64 315 0 115
64 318 0 70
64 347 0 113
64 374 0 111
64 376 0 96
64 387 0 94
65 269 0 82
65 351 0 108
65 396 0 94
66 209 0 88
66 221 0 95
66 236 0 86
66 260 0 70
66 282 0 87
66 296 0 98
66 312 0 96
66 338 0 87
66 346 0 68
66 364 0 65
67 224 0 82
67 292 0 101
67 293 0 122
67 304 0 101
67 353 0 123
67 363 0 50
68 207 0 98
68 225 0 84
68 253 0 78
68 256 0 96
68 259 0 87
68 260 0 77
68 279 0 118
68 284 0 91
68 310 0 117
68 321 0 92
68 322 0 116
68 347 0 110
68 362 0 94
69 215 0 66
69 234 0 76
69 259 0 72
69 278 0 82
69 297 0 42
69 308 0 79
69 322 0 95
69 366 0 76
69 381 0 69
69 387 0 70
70 208 0 81
70 215 0 72
70 233 0 66
70 237 0 101
70 238 0 89
70 260 0 76
70 269 0 85
70 292 0 112
71 209 0 103
71 231 0 109
71 238 0 90
71 253 0 69
71 260 0 67
71 265 0 76
71 281 0 100
71 307 0 93
71 325 0 60
71 332 0 81
71 346 0 82
71 353 0 119
71 356 0 89
72 269 0 98
72 305 0 97
72 321 0 89
72 345 0 97
72 360 0 80
72 362 0 81
72 397 0 77
73 229 0 69
73 255 0 106
73 268 0 75
74 276 0 93
74 290 0 106
74 328 0 95
74 334 0 77
74 338 0 109
75 208 0 84
75 217 0 74
75 285 0 75
75 333 0 71
75 338 0 86
75 386 0 57
75 393 0 74
75 398 0 84
76 214 0 101
76 217 0 104
76 225 0 84
76 265 0 102
76 351 0 119
76 373 0 117
76 381 0 115
76 383 0 89
76 391 0 123
76 396 0 96
76 398 0 122
77 210 0 85
77 255 0 107
77 259 0 85
77 270 0 97
77 316 0 92
77 320 0 101
77 322 0 110
77 337 0 75
77 374 0 116
78 217 0 98
78 230 0 77
78 231 0 97
78 251 0 81
78 265 0 71
78 311 0 74
78 315 0 108
78 353 0 120
78 390 0 88
78 397 0 72
79 204 0 82
79 295 0 81
79 296 0 112
79 315 0 112
79 332 0 87
79 333 0 81
80 257 0 73
80 327 0 72
80 364 0 66
80 396 0 71
81 209 0 76
81 215 0 78
81 223 0 109
81 228 0 96
81 258 0 76
81 281 0 111
81 282 0 101
81 291 0 96
81 326 0 105
81 398 0 100
82 236 0 75
82 256 0 74
82 291 0 93
82 310 0 86
82 315 0 91
82 318 0 62
82 328 0 82
82 387 0 63
83 246 0 134
83 263 0 113
83 276 0 109
83 285 0 118
83 297 0 71
83 307 0 107
83 309 0 96
83 336 0 136
83 340 0 123
83 348 0 123
83 370 0 119
83 377 0 101
83 386 0 78
83 388 0 102
84 215 0 81
84 231 0 121
84 248 0 86
84 268 0 87
84 284 0 98
84 294 0 110
84 318 0 71
84 383 0 74
84 388 0 83
85 212 0 64
85 253 0 83
85 291 0 102
85 294 0 119
85 316 0 93
85 342 0 63
85 343 0 88
85 390 0 103
85 395 0 71
86 222 0 80
86 250 0 67
86 253 0 61
86 288 0 73
86 320 0 105
86 361 0 108
87 204 0 81
87 256 0 81
87 265 0 87
87 272 0 77
87 282 0 104
87 313 0 110
87 319 0 92
87 330 0 72
87 364 0 83
88 201 0 121
88 249 0 131
88 264 0 110
88 277 0 91
88 292 0 132
88 340 0 113
88 363 0 69
88 375 0 140
88 400 0 87
89 234 0 101
89 245 0 98
89 250 0 69
89 261 0 125
89 275 0 98
89 357 0 106
89 366 0 116
89 370 0 102
89 394 0 110
89 397 0 79
89 400 0 77
90 253 0 75
90 299 0 77
90 340 0 102
90 345 0 96
90 367 0 81
90 394 0 108
91 233 0 70
91 239 0 98
91 245 0 97
91 248 0 67
91 272 0 79
91 341 0 73
91 347 0 104
91 367 0 87
92 213 0 87
92 227 0 90
92 242 0 97
92 245 0 101
92 256 0 86
92 267 0 79
92 274 0 79
92 298 0 73
92 334 0 81
92 358 0 106
92 382 0 103
93 202 0 39
93 209 0 74
93 289 0 57
93 308 0 75
93 321 0 56
93 368 0 65
93 373 0 65
93 374 0 81
93 384 0 68
94 217 0 92
94 226 0 67
94 229 0 81
94 240 0 71
94 274 0 78
94 352 0 88
94 353 0 121
95 296 0 108
95 298 0 85
95 325 0 68
95 376 0 94
95 387 0 86
95 396 0 87
96 222 0 82
96 242 0 75
96 243 0 87
96 298 0 75
96 328 0 92
96 335 0 83
96 340 0 72
96 351 0 79
96 378 0 83
96 379 0 73
96 382 0 71
97 206 0 96
97 207 0 76
97 210 0 88
97 254 0 82
97 269 0 84
97 281 0 117
97 300 0 65
97 395 0 73
98 204 0 82
98 214 0 83
98 232 0 80
98 235 0 63
98 251 0 94
98 269 0 89
98 323 0 88
98 333 0 75
98 381 0 88
98 387 0 73
99 217 0 96
99 237 0 92
99 274 0 83
99 283 0 91
99 294 0 94
99 321 0 85
99 324 0 64
99 333 0 85
99 344 0 100
99 370 0 88
99 399 0 122
100 211 0 53
100 248 0 67
100 271 0 87
100 295 0 80
100 355 0 90
100 358 0 95
101 209 0 103
101 322 0 107
101 332 0 89
101 341 0 74
101 366 0 92
101 388 0 87
102 204 0 88
102 253 0 90
102 259 0 100
102 308 0 118
102 335 0 91
102 358 0 124
102 368 0 98
102 373 0 111
103 224 0 110
103 232 0 96
103 234 0 124
103 240 0 87
103 264 0 102
103 267 0 89
103 323 0 113
103 379 0 116
103 392 0 93
104 221 0 94
104 247 0 84
104 254 0 83
104 277 0 73
104 284 0 90
104 286 0 80
104 298 0 91
104 340 0 111
104 358 0 120
104 373 0 97
104 394 0 105
105 203 0 65
105 216 0 111
105 238 0 81
105 249 0 114
105 267 0 73
105 284 0 93
105 313 0 103
105 337 0 75
105 342 0 70
105 347 0 113
105 363 0 62
105 396 0 81
106 209 0 80
106 283 0 70
106 292 0 90
106 318 0 51
106 334 0 66
106 360 0 52
107 204 0 80
107 213 0 100
107 237 0 99
107 317 0 83
107 325 0 78
107 338 0 99
107 368 0 91
107 382 0 90
108 276 0 88
108 295 0 87
108 338 0 96
108 344 0 94
109 203 0 63
109 218 0 107
109 220 0 103
109 241 0 84
109 250 0 65
109 252 0 99
109 291 0 84
109 311 0 75
109 314 0 91
109 329 0 69
109 355 0 78
109 364 0 75
109 366 0 94
109 374 0 107
110 209 0 97
110 216 0 113
110 237 0 104
110 250 0 84
110 334 0 73
110 335 0 91
110 377 0 93
111 241 0 75
111 313 0 100
111 327 0 81
111 349 0 83
111 377 0 80
112 220 0 103
112 221 0 93
112 228 0 111
112 247 0 81
112 363 0 53
113 205 0 97
113 262 0 68
113 266 0 86
113 294 0 84
113 297 0 53
113 328 0 78
113 365 0 83
113 367 0 65
113 387 0 69
113 395 0 65
114 201 0 159
114 203 0 96
114 216 0 152
114 277 0 107
114 339 0 137
115 240 0 61
115 241 0 71
115 265 0 68
115 291 0 100
115 321 0 72
115 348 0 82
116 227 0 121
116 298 0 78
116 330 0 89
116 346 0 100
116 383 0 106
116 393 0 116
116 397 0 91
117 217 0 84
117 249 0 97
117 265 0 61
117 282 0 80
117 289 0 72
117 377 0 66
117 382 0 92
117 392 0 56
118 210 0 93
118 237 0 119
118 254 0 98
118 266 0 115
118 280 0 92
118 288 0 72
118 334 0 92
118 339 0 104
119 206 0 102
119 214 0 88
119 222 0 70
119 234 0 93
119 250 0 80
119 291 0 109
119 296 0 101
119 400 0 87
120 202 0 53
120 238 0 77
120 239 0 97
120 332 0 78
120 352 0 98
120 357 0 81
121 264 0 91
121 269 0 90
121 354 0 96
121 390 0 105
122 228 0 88
122 234 0 69
122 283 0 82
122 329 0 68
122 367 0 75
122 373 0 81
122 390 0 81
123 218 0 113
123 230 0 75
123 241 0 77
123 246 0 109
123 285 0 90
123 302 0 89
123 356 0 87
123 374 0 110
124 257 0 80
124 322 0 90
124 366 0 86
125 249 0 90
125 266 0 82
125 269 0 75
125 281 0 87
125 283 0 70
125 291 0 77
125 357 0 79
125 380 0 65
126 212 0 52
126 225 0 64
126 240 0 70
126 243 0 98
126 255 0 97
126 269 0 100
126 322 0 107
126 329 0 74
126 349 0 63
126 377 0 82
126 380 0 97
127 204 0 65
127 223 0 95
127 235 0 53
127 269 0 73
127 289 0 61
127 290 0 79
127 291 0 79
127 366 0 81
127 386 0 51
127 394 0 86
128 210 0 72
128 257 0 68
128 264 0 61
128 295 0 61
128 300 0 43
128 301 0 56
128 306 0 74
128 311 0 66
128 320 0 73
128 326 0 76
128 343 0 59
128 370 0 61
128 392 0 42
129 210 0 51
129 211 0 48
129 220 0 67
129 223 0 82
129 227 0 60
129 250 0 48
129 266 0 69
129 359 0 68
129 361 0 78
129 362 0 61
130 206 0 84
130 235 0 39
130 257 0 70
130 338 0 86
130 350 0 60
130 385 0 75
131 203 0 69
131 250 0 72
131 285 0 108
131 290 0 113
131 300 0 74
131 316 0 99
131 329 0 95
131 387 0 95
132 234 0 111
132 240 0 89
132 274 0 100
132 296 0 123
132 327 0 103
132 352 0 114
132 355 0 116
132 376 0 119
132 378 0 106
132 379 0 108
132 382 0 134
133 233 0 89
133 274 0 104
133 288 0 101
133 293 0 139
133 317 0 136
133 325 0 97
134 235 0 65
134 241 0 79
134 270 0 97
134 273 0 101
134 280 0 80
134 295 0 86
134 380 0 87
134 394 0 109
135 207 0 90
135 209 0 91
135 248 0 51
135 257 0 85
135 264 0 70
135 276 0 86
135 303 0 75
135 318 0 71
135 327 0 75
135 336 0 94
135 397 0 70
136 207 0 64
136 213 0 62
136 245 0 58
136 260 0 52
136 299 0 63
136 304 0 73
136 341 0 61
136 369 0 85
136 374 0 80
137 207 0 92
137 226 0 78
137 240 0 68
137 269 0 100
137 286 0 73
137 287 0 89
137 288 0 69
137 299 0 91
137 348 0 96
137 381 0 79
138 232 0 80
138 240 0 77
138 262 0 79
138 321 0 84
139 215 0 61
139 241 0 60
139 283 0 74
139 326 0 71
139 352 0 85
139 363 0 44
139 381 0 68
139 398 0 80
140 218 0 87
140 254 0 64
140 267 0 52
140 288 0 53
140 289 0 59
140 295 0 55
140 298 0 69
140 317 0 77
140 345 0 66
140 346 0 55
140 361 0 82
140 382 0 70
141 207 0 88
141 256 0 96
141 261 0 122
141 308 0 104
141 335 0 84
141 361 0 107
141 390 0 103
141 394 0 100
142 213 0 111
142 367 0 94
142 379 0 109
142 382 0 134
142 388 0 123
142 393 0 121
143 225 0 104
143 238 0 121
143 246 0 158
143 264 0 120
143 300 0 85
144 251 0 66
144 262 0 77
144 377 0 69
144 383 0 67
144 400 0 63
145 212 0 56
145 223 0 117
145 280 0 84
145 313 0 109
145 325 0 64
145 334 0 73
145 386 0 63
145 387 0 83
145 389 0 91
145 394 0 115
146 216 0 82
146 224 0 85
146 241 0 62
146 265 0 61
146 288 0 70
146 297 0 53
146 328 0 83
146 369 0 96
146 380 0 77
147 215 0 93
147 221 0 121
147 258 0 104
147 278 0 104
147 286 0 95
147 289 0 84
147 303 0 93
147 392 0 97
148 234 0 88
148 250 0 63
148 277 0 84
148 290 0 94
148 325 0 77
148 348 0 100
148 375 0 118
149 216 0 111
149 219 0 107
149 229 0 96
149 246 0 112
149 248 0 61
149 284 0 78
149 306 0 109
149 308 0 104
149 372 0 86
149 373 0 100
149 397 0 73
150 240 0 73
150 254 0 90
150 303 0 89
150 331 0 82
150 334 0 78
150 356 0 94
150 376 0 96
150 388 0 99
150 398 0 104
151 260 0 66
151 328 0 82
151 329 0 66
151 334 0 64
152 245 0 119
152 260 0 83
152 292 0 133
152 312 0 117
152 331 0 97
152 394 0 132
153 230 0 91
153 284 0 92
153 355 0 112
153 395 0 82
154 210 0 87
154 235 0 57
154 244 0 65
154 247 0 80
154 272 0 74
154 275 0 100
154 278 0 80
154 319 0 95
154 330 0 72
154 347 0 104
154 350 0 81
155 204 0 63
155 222 0 61
155 250 0 62
155 285 0 61
155 323 0 73
155 340 0 75
155 342 0 53
155 347 0 84
155 364 0 70
155 389 0 52
156 209 0 85
156 222 0 53
156 232 0 54
156 284 0 65
156 333 0 68
156 343 0 60
156 362 0 66
156 392 0 50
157 229 0 87
157 233 0 68
157 251 0 80
157 270 0 96
157 275 0 102
157 279 0 112
157 302 0 89
157 331 0 81
157 353 0 134
157 376 0 93
158 268 0 98
158 291 0 94
158 305 0 100
158 370 0 112
158 377 0 80
159 212 0 53
159 218 0 125
159 219 0 94
159 265 0 82
159 292 0 98
159 324 0 50
159 349 0 59
159 368 0 85
160 218 0 146
160 289 0 87
160 319 0 113
160 365 0 115
160 388 0 105
161 241 0 79
161 268 0 91
161 286 0 76
161 303 0 82
161 315 0 122
161 339 0 102
161 351 0 110
161 357 0 97
161 369 0 127
162 230 0 88
162 243 0 111
162 262 0 87
162 307 0 109
162 334 0 90
162 336 0 133
162 345 0 120
162 377 0 88
163 204 0 79
163 221 0 101
163 242 0 91
163 244 0 76
163 257 0 106
163 261 0 111
163 287 0 81
163 325 0 68
163 347 0 106
163 393 0 102
164 224 0 74
164 317 0 91
164 328 0 67
164 382 0 95
165 272 0 87
165 338 0 94
165 354 0 108
166 322 0 109
166 326 0 101
166 331 0 80
166 349 0 73
166 386 0 65
167 217 0 101
167 220 0 106
167 275 0 100
167 284 0 93
167 288 0 73
167 292 0 114
167 363 0 61
167 364 0 94
168 214 0 87
168 232 0 80
168 278 0 84
168 299 0 84
168 352 0 98
169 204 0 72
169 214 0 71
169 234 0 74
169 254 0 70
169 276 0 74
169 288 0 60
169 327 0 76
169 336 0 94
169 337 0 64
169 342 0 59
169 368 0 79
169 376 0 91
169 383 0 65
169 387 0 66
169 398 0 90
170 203 0 69
170 252 0 111
170 258 0 90
170 293 0 115
170 306 0 111
170 308 0 96
170 318 0 75
170 399 0 135
171 341 0 91
171 352 0 102
171 362 0 101
172 232 0 78
172 242 0 88
172 248 0 67
172 270 0 98
172 293 0 111
172 317 0 108
172 360 0 74
172 398 0 103
173 218 0 122
173 231 0 106
173 232 0 70
173 249 0 101
173 250 0 74
173 257 0 93
173 271 0 106
173 381 0 88
173 383 0 76
173 395 0 67
174 250 0 76
174 263 0 94
174 271 0 94
174 273 0 103
174 342 0 83
174 360 0 86
174 366 0 112
174 370 0 90
174 382 0 105
174 396 0 93
175 219 0 81
175 224 0 78
175 230 0 74
175 242 0 86
175 269 0 80
175 316 0 86
175 330 0 67
175 363 0 59
176 202 0 49
176 215 0 62
176 224 0 90
176 231 0 93
176 317 0 80
176 337 0 43
176 381 0 54
176 387 0 64
176 398 0 78
177 202 0 69
177 250 0 88
177 256 0 109
177 257 0 104
177 280 0 91
177 283 0 109
177 288 0 96
177 327 0 105
177 332 0 107
177 337 0 78
177 339 0 124
177 348 0 117
177 384 0 124
177 390 0 126
178 208 0 87
178 274 0 79
178 278 0 85
178 285 0 91
178 306 0 101
179 283 0 83
179 321 0 80
179 341 0 75
179 359 0 87
180 231 0 85
180 260 0 44
180 265 0 65
180 334 0 59
180 341 0 57
180 358 0 79
180 371 0 87
181 222 0 82
181 235 0 58
181 243 0 83
181 340 0 82
181 373 0 82
181 376 0 83
182 237 0 110
182 241 0 83
182 245 0 99
182 255 0 114
182 270 0 112
182 295 0 96
182 317 0 115
183 222 0 97
183 272 0 86
183 292 0 126
183 312 0 112
183 355 0 111
183 360 0 82
183 388 0 99
183 396 0 102
183 397 0 85
184 217 0 77
184 247 0 69
184 280 0 73
184 303 0 77
184 327 0 87
184 372 0 73
185 206 0 106
185 208 0 86
185 220 0 101
185 231 0 108
185 251 0 81
185 257 0 92
185 280 0 85
185 286 0 79
185 307 0 80
185 330 0 77
185 356 0 79
185 369 0 123
185 376 0 83
185 391 0 97
186 212 0 46
186 218 0 116
186 243 0 71
186 253 0 69
186 254 0 68
186 318 0 63
186 326 0 89
186 359 0 90
186 392 0 63
186 399 0 109
187 227 0 116
187 236 0 106
187 249 0 130
187 264 0 96
187 268 0 96
187 298 0 94
187 314 0 103
187 317 0 125
187 344 0 104
187 365 0 124
187 390 0 114
188 201 0 105
188 228 0 106
188 232 0 73
188 249 0 104
188 258 0 82
188 278 0 76
188 319 0 80
188 362 0 82
189 204 0 66
189 229 0 81
189 246 0 95
189 265 0 65
189 306 0 91
189 325 0 61
189 332 0 65
189 338 0 90
189 371 0 95
189 390 0 88
190 209 0 111
190 214 0 95
190 220 0 109
190 253 0 68
190 294 0 103
190 335 0 92
191 242 0 79
191 247 0 84
191 281 0 113
191 287 0 74
191 326 0 91
191 329 0 72
191 354 0 104
192 217 0 62
192 244 0 53
192 298 0 46
192 359 0 72
192 363 0 49
192 369 0 90
192 371 0 90
192 396 0 54
193 210 0 78
193 219 0 97
193 262 0 94
193 266 0 97
193 293 0 113
193 298 0 86
193 347 0 104
193 354 0 99
194 202 0 65
194 258 0 82
194 263 0 93
194 268 0 77
194 277 0 77
194 306 0 107
195 201 0 98
195 205 0 93
195 212 0 47
195 233 0 50
195 236 0 83
195 266 0 75
195 304 0 77
195 309 0 60
195 342 0 55
195 346 0 61
195 347 0 80
195 363 0 51
195 368 0 70
195 378 0 62
195 390 0 78
196 241 0 88
196 246 0 115
196 293 0 113
196 297 0 57
196 298 0 75
196 377 0 80
196 386 0 67
197 207 0 85
197 228 0 110
197 263 0 89
197 283 0 94
197 299 0 98
197 328 0 103
197 359 0 92
197 360 0 53
197 368 0 93
197 389 0 84
198 202 0 73
198 212 0 67
198 219 0 110
198 224 0 97
198 253 0 81
198 266 0 114
198 287 0 109
198 289 0 74
198 322 0 118
198 361 0 133
198 364 0 85
198 374 0 122
199 221 0 118
199 270 0 98
199 285 0 101
199 332 0 87
199 346 0 81
199 384 0 122
200 203 0 66
200 225 0 74
200 262 0 90
200 268 0 97
200 272 0 88
200 273 0 106
200 283 0 98
200 319 0 103
200 323 0 97
200 347 0 117
200 350 0 68
200 352 0 89
