1 1 1 0
2 2 1 0
3 3 1 0
4 4 1 0
5 5 1 0
6 6 1 0
7 7 1 0
8 8 1 0
9 9 1 0
10 10 1 0
11 11 1 0
12 12 1 0
13 13 1 0
14 14 1 0
15 15 1 0
16 16 1 0
17 17 1 0
18 18 1 0
19 19 1 0
20 20 1 0
21 21 1 0
22 22 1 0
23 23 1 0
24 24 1 0
25 25 1 0
26 26 1 0
27 27 1 0
28 28 1 0
29 29 1 0
30 30 1 0
31 31 1 0
32 32 1 0
33 33 1 0
34 34 1 0
35 35 1 0
36 36 1 0
37 37 1 0
38 38 1 0
39 39 1 0
40 40 1 0
41 41 1 0
42 42 1 0
43 43 1 0
44 44 1 0
45 45 1 0
46 46 1 0
47 47 1 0
48 48 1 0
49 49 1 0
50 50 1 0
51 51 1 0
52 52 1 0
53 53 1 0
54 54 1 0
55 55 1 0
56 56 1 0
57 57 1 0
58 58 1 0
59 59 1 0
60 60 1 0
61 61 1 0
62 62 1 0
63 63 1 0
64 64 1 0
65 65 1 0
66 66 1 0
67 67 1 0
68 68 1 0
69 69 1 0
70 70 1 0
71 71 1 0
72 72 1 0
73 73 1 0
74 74 1 0
75 75 1 0
76 76 1 0
77 77 1 0
78 78 1 0
79 79 1 0
80 80 1 0
81 81 1 0
82 82 1 0
83 83 1 0
84 84 1 0
85 85 1 0
86 86 1 0
87 87 1 0
88 88 1 0
89 89 1 0
90 90 1 0
91 91 1 0
92 92 1 0
93 93 1 0
94 94 1 0
95 95 1 0
96 96 1 0
97 97 1 0
98 98 1 0
99 99 1 0
100 100 1 0
101 101 1 0
102 102 1 0
103 103 1 0
104 104 1 0
105 105 1 0
106 106 1 0
107 107 1 0
108 108 1 0
109 109 1 0
110 110 1 0
111 111 1 0
112 112 1 0
113 113 1 0
114 114 1 0
115 115 1 0
116 116 1 0
117 117 1 0
118 118 1 0
119 119 1 0
120 120 1 0
121 121 1 0
122 122 1 0
123 123 1 0
124 124 1 0
125 125 1 0
126 126 1 0
127 127 1 0
128 128 1 0
1 75 0 89
1 76 0 59
1 85 0 75
2 126 0 76
3 101 0 68
3 118 0 55
3 122 0 62
4 84 0 89
4 99 0 94
5 67 0 116
6 87 0 115
6 94 0 118
6 107 0 96
6 120 0 115
7 69 0 81
7 73 0 111
7 89 0 92
7 90 0 72
7 110 0 86
8 87 0 73
8 92 0 68
9 73 0 59
9 109 0 32
10 98 0 88
11 110 0 83
11 118 0 77
13 98 0 86
15 79 0 89
15 97 0 75
16 90 0 73
17 108 0 90
17 124 0 61
18 65 0 91
18 118 0 93
18 120 0 120
19 66 0 93
19 76 0 79
19 96 0 91
20 88 0 71
20 124 0 62
21 84 0 87
21 91 0 72
22 74 0 89
22 99 0 117
22 108 0 95
22 124 0 107
23 74 0 87
23 103 0 117
24 80 0 97
24 94 0 102
24 112 0 104
24 114 0 94
24 119 0 101
24 128 0 82
25 76 0 54
25 79 0 108
25 102 0 67
25 125 0 93
26 110 0 94
26 127 0 104
27 96 0 64
28 114 0 69
28 126 0 55
29 75 0 110
29 99 0 110
30 82 0 78
30 98 0 93
31 77 0 105
31 94 0 127
31 95 0 127
31 105 0 126
31 108 0 93
32 97 0 125
33 69 0 98
33 73 0 139
33 125 0 131
33 127 0 124
34 120 0 107
35 99 0 107
35 110 0 101
35 114 0 95
35 123 0 80
36 65 0 51
36 99 0 58
37 70 0 89
37 95 0 119
37 99 0 124
38 70 0 74
38 120 0 91
39 102 0 96
42 81 0 77
42 111 0 81
45 85 0 81
47 103 0 94
47 105 0 88
48 87 0 87
48 91 0 83
48 109 0 59
49 74 0 79
49 101 0 88
50 93 0 107
50 98 0 120
51 113 0 114
51 115 0 94
52 77 0 94
52 80 0 107
53 73 0 116
53 115 0 92
54 82 0 80
54 88 0 83
54 99 0 91
55 65 0 97
55 72 0 80
56 76 0 82
56 98 0 99
56 122 0 102
58 68 0 56
58 114 0 63
59 96 0 77
60 70 0 57
61 72 0 79
61 103 0 118
62 78 0 74
62 104 0 99
62 116 0 76
63 120 0 96
64 88 0 98
64 106 0 75
