1 1 1 0
2 2 1 0
3 3 1 0
4 4 1 0
5 5 1 0
6 6 1 0
7 7 1 0
8 8 1 0
9 9 1 0
10 10 1 0
11 11 1 0
12 12 1 0
13 13 1 0
14 14 1 0
15 15 1 0
16 16 1 0
17 17 1 0
18 18 1 0
19 19 1 0
20 20 1 0
21 21 1 0
22 22 1 0
23 23 1 0
24 24 1 0
25 25 1 0
26 26 1 0
27 27 1 0
28 28 1 0
29 29 1 0
30 30 1 0
31 31 1 0
32 32 1 0
33 33 1 0
34 34 1 0
35 35 1 0
36 36 1 0
37 37 1 0
38 38 1 0
39 39 1 0
40 40 1 0
41 41 1 0
42 42 1 0
43 43 1 0
44 44 1 0
45 45 1 0
46 46 1 0
47 47 1 0
48 48 1 0
49 49 1 0
50 50 1 0
51 51 1 0
52 52 1 0
53 53 1 0
54 54 1 0
55 55 1 0
56 56 1 0
57 57 1 0
58 58 1 0
59 59 1 0
60 60 1 0
61 61 1 0
62 62 1 0
63 63 1 0
64 64 1 0
65 65 1 0
66 66 1 0
67 67 1 0
68 68 1 0
69 69 1 0
70 70 1 0
71 71 1 0
72 72 1 0
73 73 1 0
74 74 1 0
75 75 1 0
76 76 1 0
77 77 1 0
78 78 1 0
79 79 1 0
80 80 1 0
81 81 1 0
82 82 1 0
83 83 1 0
84 84 1 0
85 85 1 0
86 86 1 0
87 87 1 0
88 88 1 0
89 89 1 0
90 90 1 0
91 91 1 0
92 92 1 0
93 93 1 0
94 94 1 0
95 95 1 0
96 96 1 0
97 97 1 0
98 98 1 0
99 99 1 0
100 100 1 0
101 101 1 0
102 102 1 0
103 103 1 0
104 104 1 0
105 105 1 0
106 106 1 0
107 107 1 0
108 108 1 0
109 109 1 0
110 110 1 0
111 111 1 0
112 112 1 0
113 113 1 0
114 114 1 0
115 115 1 0
116 116 1 0
117 117 1 0
118 118 1 0
119 119 1 0
120 120 1 0
121 121 1 0
122 122 1 0
123 123 1 0
124 124 1 0
125 125 1 0
126 126 1 0
127 127 1 0
128 128 1 0
129 129 1 0
130 130 1 0
131 131 1 0
132 132 1 0
133 133 1 0
134 134 1 0
135 135 1 0
136 136 1 0
137 137 1 0
138 138 1 0
139 139 1 0
140 140 1 0
141 141 1 0
142 142 1 0
143 143 1 0
144 144 1 0
145 145 1 0
146 146 1 0
147 147 1 0
148 148 1 0
149 149 1 0
150 150 1 0
151 151 1 0
152 152 1 0
153 153 1 0
154 154 1 0
155 155 1 0
156 156 1 0
157 157 1 0
158 158 1 0
159 159 1 0
160 160 1 0
161 161 1 0
162 162 1 0
163 163 1 0
164 164 1 0
165 165 1 0
166 166 1 0
167 167 1 0
168 168 1 0
169 169 1 0
170 170 1 0
171 171 1 0
172 172 1 0
173 173 1 0
174 174 1 0
175 175 1 0
176 176 1 0
177 177 1 0
178 178 1 0
179 179 1 0
180 180 1 0
181 181 1 0
182 182 1 0
183 183 1 0
184 184 1 0
185 185 1 0
186 186 1 0
187 187 1 0
188 188 1 0
189 189 1 0
190 190 1 0
191 191 1 0
192 192 1 0
193 193 1 0
194 194 1 0
195 195 1 0
196 196 1 0
197 197 1 0
198 198 1 0
199 199 1 0
200 200 1 0
201 201 1 0
202 202 1 0
203 203 1 0
204 204 1 0
205 205 1 0
206 206 1 0
207 207 1 0
208 208 1 0
209 209 1 0
210 210 1 0
211 211 1 0
212 212 1 0
213 213 1 0
214 214 1 0
215 215 1 0
216 216 1 0
217 217 1 0
218 218 1 0
219 219 1 0
220 220 1 0
221 221 1 0
222 222 1 0
223 223 1 0
224 224 1 0
225 225 1 0
226 226 1 0
227 227 1 0
228 228 1 0
229 229 1 0
230 230 1 0
231 231 1 0
232 232 1 0
233 233 1 0
234 234 1 0
235 235 1 0
236 236 1 0
237 237 1 0
238 238 1 0
239 239 1 0
240 240 1 0
241 241 1 0
242 242 1 0
243 243 1 0
244 244 1 0
245 245 1 0
246 246 1 0
247 247 1 0
248 248 1 0
249 249 1 0
250 250 1 0
251 251 1 0
252 252 1 0
253 253 1 0
254 254 1 0
255 255 1 0
256 256 1 0
257 257 1 0
258 258 1 0
259 259 1 0
260 260 1 0
261 261 1 0
262 262 1 0
263 263 1 0
264 264 1 0
265 265 1 0
266 266 1 0
267 267 1 0
268 268 1 0
269 269 1 0
270 270 1 0
271 271 1 0
272 272 1 0
273 273 1 0
274 274 1 0
275 275 1 0
276 276 1 0
277 277 1 0
278 278 1 0
279 279 1 0
280 280 1 0
281 281 1 0
282 282 1 0
283 283 1 0
284 284 1 0
285 285 1 0
286 286 1 0
287 287 1 0
288 288 1 0
289 289 1 0
290 290 1 0
291 291 1 0
292 292 1 0
293 293 1 0
294 294 1 0
295 295 1 0
296 296 1 0
297 297 1 0
298 298 1 0
299 299 1 0
300 300 1 0
301 301 1 0
302 302 1 0
303 303 1 0
304 304 1 0
305 305 1 0
306 306 1 0
307 307 1 0
308 308 1 0
309 309 1 0
310 310 1 0
311 311 1 0
312 312 1 0
313 313 1 0
314 314 1 0
315 315 1 0
316 316 1 0
317 317 1 0
318 318 1 0
319 319 1 0
320 320 1 0
321 321 1 0
322 322 1 0
323 323 1 0
324 324 1 0
325 325 1 0
326 326 1 0
327 327 1 0
328 328 1 0
329 329 1 0
330 330 1 0
331 331 1 0
332 332 1 0
333 333 1 0
334 334 1 0
335 335 1 0
336 336 1 0
337 337 1 0
338 338 1 0
339 339 1 0
340 340 1 0
341 341 1 0
342 342 1 0
343 343 1 0
344 344 1 0
345 345 1 0
346 346 1 0
347 347 1 0
348 348 1 0
349 349 1 0
350 350 1 0
351 351 1 0
352 352 1 0
353 353 1 0
354 354 1 0
355 355 1 0
356 356 1 0
357 357 1 0
358 358 1 0
359 359 1 0
360 360 1 0
361 361 1 0
362 362 1 0
363 363 1 0
364 364 1 0
365 365 1 0
366 366 1 0
367 367 1 0
368 368 1 0
369 369 1 0
370 370 1 0
371 371 1 0
372 372 1 0
373 373 1 0
374 374 1 0
375 375 1 0
376 376 1 0
377 377 1 0
378 378 1 0
379 379 1 0
380 380 1 0
381 381 1 0
382 382 1 0
383 383 1 0
384 384 1 0
385 385 1 0
386 386 1 0
387 387 1 0
388 388 1 0
389 389 1 0
390 390 1 0
391 391 1 0
392 392 1 0
393 393 1 0
394 394 1 0
395 395 1 0
396 396 1 0
397 397 1 0
398 398 1 0
399 399 1 0
400 400 1 0
401 401 1 0
402 402 1 0
403 403 1 0
404 404 1 0
405 405 1 0
406 406 1 0
407 407 1 0
408 408 1 0
409 409 1 0
410 410 1 0
411 411 1 0
412 412 1 0
413 413 1 0
414 414 1 0
415 415 1 0
416 416 1 0
417 417 1 0
418 418 1 0
419 419 1 0
420 420 1 0
421 421 1 0
422 422 1 0
423 423 1 0
424 424 1 0
425 425 1 0
426 426 1 0
427 427 1 0
428 428 1 0
429 429 1 0
430 430 1 0
431 431 1 0
432 432 1 0
433 433 1 0
434 434 1 0
435 435 1 0
436 436 1 0
437 437 1 0
438 438 1 0
439 439 1 0
440 440 1 0
441 441 1 0
442 442 1 0
443 443 1 0
444 444 1 0
445 445 1 0
446 446 1 0
447 447 1 0
448 448 1 0
449 449 1 0
450 450 1 0
451 451 1 0
452 452 1 0
453 453 1 0
454 454 1 0
455 455 1 0
456 456 1 0
457 457 1 0
458 458 1 0
459 459 1 0
460 460 1 0
461 461 1 0
462 462 1 0
463 463 1 0
464 464 1 0
465 465 1 0
466 466 1 0
467 467 1 0
468 468 1 0
469 469 1 0
470 470 1 0
471 471 1 0
472 472 1 0
473 473 1 0
474 474 1 0
475 475 1 0
476 476 1 0
477 477 1 0
478 478 1 0
479 479 1 0
480 480 1 0
481 481 1 0
482 482 1 0
483 483 1 0
484 484 1 0
485 485 1 0
486 486 1 0
487 487 1 0
488 488 1 0
489 489 1 0
490 490 1 0
491 491 1 0
492 492 1 0
493 493 1 0
494 494 1 0
495 495 1 0
496 496 1 0
497 497 1 0
498 498 1 0
499 499 1 0
500 500 1 0
1 304 0 116
1 306 0 122
1 325 0 119
1 340 0 104
1 346 0 91
1 352 0 95
1 361 0 117
1 373 0 110
1 404 0 91
1 415 0 89
1 430 0 124
1 448 0 106
1 458 0 99
1 460 0 112
2 311 0 73
2 319 0 108
2 327 0 108
2 370 0 118
2 380 0 86
2 389 0 109
2 407 0 107
2 429 0 130
2 444 0 110
2 447 0 116
2 451 0 71
2 452 0 114
2 479 0 104
2 480 0 94
2 483 0 114
2 487 0 95
3 361 0 96
3 362 0 56
3 401 0 80
3 425 0 108
3 447 0 99
3 471 0 97
3 498 0 91
4 306 0 83
4 307 0 66
4 332 0 67
4 358 0 82
4 368 0 90
4 380 0 66
4 386 0 84
4 390 0 91
4 401 0 82
4 405 0 67
4 418 0 80
4 421 0 56
4 430 0 86
4 440 0 71
4 470 0 83
4 483 0 85
4 496 0 63
5 336 0 95
5 344 0 110
5 358 0 104
5 375 0 127
5 378 0 94
5 396 0 125
5 408 0 106
5 430 0 124
5 472 0 73
5 492 0 100
6 311 0 77
6 318 0 99
6 354 0 86
6 383 0 94
6 390 0 114
6 414 0 104
6 429 0 102
6 438 0 84
6 484 0 107
7 304 0 66
7 317 0 62
7 389 0 71
7 436 0 53
7 438 0 60
7 448 0 62
7 466 0 82
7 473 0 43
8 307 0 90
8 354 0 86
8 368 0 111
8 375 0 121
8 383 0 97
8 386 0 117
8 409 0 108
8 419 0 85
8 499 0 131
9 301 0 90
9 325 0 109
9 355 0 88
9 365 0 90
9 368 0 123
9 385 0 106
9 397 0 115
9 402 0 91
9 411 0 88
9 438 0 89
9 440 0 92
9 454 0 84
9 464 0 106
9 489 0 72
10 308 0 80
10 315 0 105
10 345 0 128
10 349 0 107
10 354 0 93
10 360 0 91
10 363 0 78
10 372 0 111
10 391 0 88
10 394 0 133
10 412 0 92
10 432 0 65
10 454 0 82
10 458 0 83
10 467 0 114
10 478 0 86
11 328 0 104
11 331 0 85
11 339 0 103
11 340 0 99
11 345 0 137
11 376 0 101
11 384 0 114
11 386 0 132
11 396 0 139
11 422 0 113
11 427 0 143
11 449 0 118
11 471 0 115
11 490 0 113
11 493 0 110
12 318 0 112
12 337 0 97
12 340 0 83
12 344 0 84
12 360 0 79
12 373 0 91
12 385 0 84
12 394 0 116
12 415 0 74
12 421 0 80
12 423 0 82
12 457 0 79
12 478 0 87
13 305 0 111
13 319 0 93
13 330 0 83
13 379 0 84
13 381 0 91
13 404 0 88
13 410 0 98
13 427 0 124
13 433 0 106
13 449 0 94
13 461 0 94
13 464 0 105
13 465 0 72
13 466 0 111
13 485 0 107
14 305 0 86
14 306 0 70
14 310 0 56
14 317 0 67
14 318 0 79
14 334 0 85
14 337 0 67
14 353 0 66
14 364 0 50
14 374 0 70
14 380 0 58
14 398 0 77
14 407 0 74
14 441 0 59
14 451 0 57
14 455 0 56
15 335 0 75
15 360 0 87
15 392 0 95
15 402 0 88
15 415 0 70
15 426 0 106
15 448 0 89
15 449 0 84
15 459 0 86
16 306 0 116
16 330 0 102
16 376 0 96
16 392 0 116
16 426 0 114
16 428 0 116
16 468 0 113
16 470 0 126
16 494 0 90
17 302 0 96
17 306 0 105
17 311 0 72
17 315 0 110
17 332 0 79
17 334 0 108
17 337 0 95
17 338 0 121
17 345 0 108
17 353 0 83
17 380 0 79
17 396 0 128
17 403 0 88
17 405 0 83
17 413 0 84
17 428 0 107
17 458 0 90
17 497 0 108
18 302 0 100
18 341 0 89
18 359 0 101
18 378 0 83
18 411 0 85
18 426 0 121
18 432 0 71
18 451 0 76
19 302 0 75
19 325 0 87
19 334 0 87
19 336 0 84
19 339 0 86
19 343 0 57
19 351 0 89
19 364 0 67
19 365 0 90
19 367 0 101
19 398 0 111
19 417 0 95
19 444 0 91
19 454 0 71
20 309 0 58
20 338 0 83
20 356 0 66
20 408 0 69
20 419 0 64
20 427 0 87
20 428 0 81
20 471 0 68
20 490 0 73
20 497 0 86
21 302 0 78
21 311 0 83
21 322 0 101
21 329 0 76
21 337 0 103
21 344 0 94
21 367 0 106
21 377 0 135
21 401 0 97
21 402 0 86
21 415 0 88
21 435 0 99
21 443 0 89
21 446 0 89
21 448 0 92
21 493 0 96
22 309 0 91
22 330 0 90
22 331 0 85
22 348 0 95
22 377 0 129
22 383 0 93
22 384 0 101
22 395 0 117
22 408 0 97
22 459 0 97
22 485 0 118
22 488 0 114
23 317 0 76
23 372 0 110
23 373 0 86
23 436 0 60
23 450 0 118
23 451 0 55
23 469 0 72
23 471 0 99
23 472 0 56
23 474 0 92
23 478 0 81
23 481 0 91
23 495 0 90
24 310 0 116
24 322 0 121
24 328 0 107
24 336 0 103
24 349 0 138
24 369 0 101
24 394 0 157
24 408 0 119
24 438 0 101
24 439 0 134
24 445 0 126
24 452 0 141
24 475 0 121
24 476 0 91
24 478 0 111
24 495 0 123
24 500 0 122
25 302 0 85
25 348 0 90
25 381 0 98
25 383 0 97
25 395 0 89
25 421 0 81
25 430 0 116
25 438 0 85
25 473 0 62
25 490 0 91
26 312 0 74
26 320 0 102
26 345 0 110
26 351 0 107
26 367 0 110
26 376 0 79
26 418 0 123
26 422 0 111
26 459 0 97
26 489 0 83
26 493 0 100
27 303 0 99
27 304 0 109
27 336 0 92
27 364 0 89
27 367 0 125
27 374 0 91
27 375 0 124
27 434 0 119
27 457 0 122
27 470 0 107
27 484 0 130
27 486 0 92
28 331 0 83
28 333 0 80
28 343 0 61
28 350 0 93
28 352 0 90
28 391 0 93
28 394 0 140
28 395 0 104
28 428 0 112
28 429 0 116
28 432 0 62
28 451 0 71
28 465 0 82
28 476 0 79
28 489 0 73
29 331 0 43
29 339 0 53
29 356 0 63
29 397 0 70
29 421 0 54
29 437 0 51
29 455 0 64
29 464 0 60
29 474 0 58
30 339 0 115
30 367 0 127
30 370 0 135
30 384 0 123
30 436 0 94
30 441 0 111
30 460 0 123
30 474 0 129
30 479 0 125
30 489 0 102
30 499 0 142
31 312 0 61
31 340 0 84
31 347 0 83
31 355 0 75
31 370 0 96
31 427 0 111
31 429 0 98
31 438 0 74
31 453 0 88
31 462 0 60
31 496 0 70
32 327 0 61
32 361 0 76
32 401 0 65
32 428 0 92
32 443 0 71
32 444 0 64
32 449 0 63
32 468 0 73
32 469 0 53
32 492 0 77
32 498 0 67
33 308 0 63
33 366 0 73
33 373 0 76
33 386 0 83
33 394 0 112
33 395 0 78
33 397 0 74
33 400 0 75
33 409 0 92
33 436 0 62
33 449 0 70
33 450 0 92
33 487 0 77
34 330 0 75
34 343 0 65
34 375 0 98
34 382 0 115
34 383 0 76
34 389 0 100
34 403 0 76
34 427 0 108
34 430 0 100
34 443 0 84
34 444 0 87
34 471 0 97
34 486 0 78
34 494 0 62
35 309 0 82
35 315 0 90
35 333 0 60
35 356 0 99
35 371 0 86
35 378 0 77
35 380 0 95
35 385 0 100
35 414 0 99
35 447 0 106
35 451 0 64
35 497 0 114
36 310 0 96
36 316 0 115
36 359 0 91
36 383 0 107
36 425 0 130
36 448 0 93
36 460 0 106
36 464 0 106
36 466 0 136
36 468 0 114
36 470 0 122
36 478 0 108
36 482 0 112
36 492 0 98
36 495 0 110
37 321 0 123
37 343 0 77
37 372 0 119
37 382 0 143
37 443 0 117
37 458 0 102
37 465 0 97
37 494 0 109
38 303 0 83
38 331 0 58
38 358 0 80
38 376 0 88
38 433 0 85
38 443 0 81
38 473 0 58
38 499 0 109
39 311 0 74
39 332 0 77
39 333 0 52
39 351 0 77
39 386 0 101
39 443 0 90
39 465 0 69
39 478 0 87
39 487 0 83
40 312 0 78
40 348 0 72
40 373 0 84
40 375 0 95
40 380 0 68
40 432 0 58
40 433 0 94
40 434 0 99
40 445 0 82
40 451 0 70
40 482 0 91
40 496 0 78
41 314 0 98
41 359 0 106
41 360 0 101
41 365 0 80
41 389 0 121
41 419 0 98
41 443 0 106
41 453 0 113
41 488 0 108
42 301 0 53
42 314 0 62
42 324 0 44
42 342 0 73
42 345 0 83
42 358 0 65
42 362 0 44
42 366 0 58
42 375 0 75
42 382 0 80
42 414 0 74
42 419 0 53
42 425 0 83
42 467 0 68
42 468 0 67
42 487 0 60
43 303 0 91
43 304 0 83
43 305 0 92
43 313 0 73
43 330 0 88
43 350 0 73
43 361 0 98
43 375 0 101
43 393 0 109
43 428 0 108
43 435 0 68
43 443 0 84
43 498 0 91
44 313 0 56
44 314 0 72
44 367 0 57
44 453 0 71
44 472 0 47
44 487 0 56
44 493 0 78
45 329 0 50
45 343 0 45
45 355 0 64
45 370 0 89
45 391 0 73
45 417 0 86
45 428 0 92
45 467 0 80
45 474 0 76
45 481 0 72
45 484 0 87
46 303 0 94
46 319 0 86
46 334 0 104
46 368 0 96
46 387 0 91
46 440 0 90
46 486 0 76
47 301 0 79
47 305 0 106
47 320 0 102
47 368 0 119
47 380 0 103
47 393 0 119
47 401 0 103
47 443 0 102
47 450 0 109
47 453 0 100
47 493 0 83
47 499 0 99
48 345 0 102
48 351 0 87
48 358 0 92
48 363 0 80
48 375 0 101
48 400 0 84
48 406 0 92
48 407 0 91
48 460 0 90
48 470 0 94
49 307 0 109
49 319 0 110
49 334 0 112
49 352 0 87
49 410 0 99
49 420 0 126
49 446 0 104
49 453 0 116
49 495 0 113
50 309 0 85
50 337 0 106
50 345 0 121
50 347 0 107
50 387 0 107
50 388 0 105
50 393 0 130
50 408 0 98
50 410 0 103
50 412 0 87
50 415 0 70
50 417 0 120
50 423 0 84
50 429 0 118
50 435 0 100
50 442 0 124
51 301 0 102
51 311 0 107
51 323 0 158
51 335 0 100
51 349 0 126
51 351 0 134
51 367 0 116
51 389 0 130
51 398 0 126
51 424 0 122
51 434 0 150
51 435 0 103
51 446 0 128
51 459 0 111
51 477 0 145
51 484 0 150
51 485 0 134
52 324 0 65
52 340 0 82
52 362 0 62
52 410 0 103
52 421 0 68
52 439 0 96
52 450 0 128
52 452 0 99
52 477 0 105
52 481 0 82
52 483 0 97
52 489 0 54
52 499 0 95
53 376 0 89
53 382 0 120
53 397 0 104
53 425 0 130
53 428 0 115
53 483 0 111
53 488 0 112
54 312 0 76
54 326 0 82
54 332 0 79
54 345 0 106
54 377 0 139
54 388 0 109
54 389 0 114
54 390 0 125
54 412 0 85
54 444 0 104
54 453 0 107
54 472 0 68
54 473 0 69
54 479 0 81
54 484 0 117
54 488 0 100
55 312 0 61
55 315 0 80
55 334 0 92
55 373 0 89
55 374 0 89
55 405 0 83
55 458 0 65
55 478 0 86
56 306 0 93
56 309 0 84
56 315 0 100
56 340 0 80
56 351 0 85
56 393 0 119
56 420 0 112
56 436 0 76
56 452 0 104
56 459 0 91
56 475 0 100
56 481 0 84
56 486 0 91
56 495 0 83
57 301 0 69
57 309 0 79
57 310 0 69
57 321 0 105
57 322 0 98
57 326 0 85
57 335 0 85
57 337 0 100
57 397 0 91
57 408 0 91
57 410 0 82
57 449 0 83
57 451 0 74
57 478 0 82
57 486 0 80
57 491 0 87
57 492 0 105
57 497 0 97
58 309 0 81
58 367 0 95
58 434 0 112
58 435 0 70
58 450 0 120
58 454 0 77
58 456 0 107
58 500 0 97
59 329 0 77
59 396 0 126
59 403 0 78
59 426 0 93
59 427 0 106
59 428 0 111
59 448 0 88
59 457 0 88
59 465 0 70
60 302 0 83
60 326 0 66
60 329 0 49
60 331 0 64
60 343 0 50
60 365 0 70
60 379 0 93
60 384 0 79
60 388 0 80
60 409 0 79
60 471 0 72
60 483 0 96
60 486 0 68
60 487 0 75
61 314 0 86
61 317 0 72
61 343 0 55
61 428 0 102
61 430 0 103
61 442 0 103
61 453 0 87
61 455 0 79
61 468 0 83
62 317 0 81
62 323 0 108
62 337 0 104
62 343 0 56
62 347 0 81
62 349 0 84
62 374 0 79
62 383 0 91
62 387 0 97
62 391 0 81
62 394 0 121
62 433 0 105
62 434 0 117
62 454 0 76
62 458 0 75
62 496 0 74
63 318 0 114
63 364 0 68
63 393 0 119
63 418 0 115
63 426 0 110
63 428 0 99
63 444 0 91
63 468 0 93
63 481 0 88
64 317 0 97
64 334 0 96
64 366 0 79
64 392 0 85
64 394 0 118
64 397 0 97
64 418 0 112
64 436 0 78
64 441 0 95
64 442 0 123
64 461 0 83
64 463 0 56
64 469 0 81
65 329 0 66
65 330 0 84
65 331 0 74
65 389 0 101
65 401 0 91
65 412 0 83
65 426 0 101
65 446 0 92
65 450 0 112
65 453 0 98
65 454 0 73
65 457 0 108
65 470 0 105
65 480 0 79
66 308 0 52
66 311 0 47
66 335 0 49
66 345 0 94
66 384 0 75
66 421 0 64
66 436 0 52
66 452 0 69
66 453 0 66
66 457 0 81
66 491 0 60
67 313 0 89
67 324 0 77
67 331 0 90
67 332 0 90
67 337 0 122
67 360 0 97
67 366 0 94
67 381 0 111
67 389 0 124
67 390 0 144
67 410 0 107
67 451 0 91
67 480 0 106
67 494 0 92
68 307 0 88
68 314 0 84
68 344 0 98
68 362 0 74
68 378 0 85
68 382 0 120
68 418 0 111
68 438 0 84
68 449 0 93
68 474 0 96
68 477 0 102
69 321 0 95
69 330 0 71
69 345 0 115
69 364 0 76
69 368 0 92
69 370 0 88
69 372 0 102
69 383 0 76
69 388 0 76
69 413 0 97
69 438 0 78
69 466 0 96
69 467 0 73
69 474 0 99
69 493 0 90
70 302 0 61
70 305 0 77
70 316 0 76
70 336 0 60
70 368 0 76
70 411 0 56
70 416 0 63
70 424 0 67
70 441 0 82
70 469 0 72
70 472 0 63
70 476 0 52
71 306 0 87
71 359 0 82
71 390 0 120
71 393 0 115
71 407 0 96
71 416 0 71
71 439 0 100
71 454 0 72
71 472 0 62
72 328 0 76
72 407 0 103
72 408 0 87
72 414 0 113
72 427 0 125
72 431 0 107
72 475 0 100
72 483 0 106
72 499 0 112
73 304 0 95
73 338 0 116
73 349 0 85
73 375 0 88
73 397 0 87
73 409 0 82
73 454 0 70
73 456 0 100
73 479 0 76
74 308 0 83
74 333 0 84
74 343 0 72
74 347 0 109
74 351 0 115
74 384 0 107
74 386 0 131
74 393 0 137
74 398 0 130
74 420 0 131
74 428 0 140
74 446 0 109
74 461 0 99
74 468 0 115
75 302 0 104
75 310 0 94
75 334 0 117
75 347 0 109
75 375 0 116
75 378 0 90
75 381 0 99
75 413 0 92
75 435 0 93
75 436 0 76
75 452 0 105
75 481 0 98
75 482 0 96
76 310 0 70
76 311 0 70
76 313 0 61
76 330 0 73
76 345 0 114
76 350 0 89
76 388 0 97
76 389 0 93
76 398 0 92
76 416 0 94
76 424 0 92
76 451 0 63
76 463 0 87
76 475 0 100
76 476 0 61
76 484 0 124
76 485 0 97
77 301 0 61
77 325 0 82
77 332 0 57
77 353 0 83
77 370 0 82
77 385 0 83
77 423 0 67
77 438 0 67
77 459 0 63
77 473 0 57
77 480 0 76
78 315 0 100
78 317 0 82
78 338 0 118
78 341 0 83
78 367 0 94
78 406 0 95
78 448 0 91
78 454 0 79
78 459 0 88
78 473 0 64
79 307 0 110
79 348 0 103
79 349 0 130
79 352 0 93
79 367 0 124
79 385 0 114
79 390 0 150
79 426 0 130
79 428 0 135
79 429 0 138
79 437 0 97
79 449 0 113
79 473 0 77
80 303 0 78
80 315 0 94
80 323 0 105
80 343 0 58
80 346 0 85
80 347 0 91
80 392 0 95
80 399 0 85
80 420 0 97
80 423 0 70
80 428 0 97
80 437 0 71
80 444 0 95
80 463 0 82
81 321 0 107
81 357 0 98
81 390 0 112
81 419 0 84
81 443 0 99
81 453 0 94
81 487 0 77
81 493 0 87
82 301 0 64
82 310 0 81
82 356 0 75
82 369 0 65
82 379 0 75
82 427 0 112
82 459 0 70
82 460 0 85
82 472 0 56
82 478 0 84
83 301 0 74
83 315 0 92
83 400 0 93
83 435 0 89
83 439 0 109
83 469 0 80
83 479 0 94
83 489 0 79
84 355 0 82
84 358 0 110
84 400 0 103
84 405 0 89
84 417 0 112
84 418 0 127
84 454 0 93
84 467 0 93
84 476 0 81
85 315 0 72
85 339 0 67
85 356 0 60
85 372 0 76
85 435 0 58
85 440 0 76
85 451 0 42
85 462 0 53
85 477 0 83
85 497 0 84
86 317 0 84
86 370 0 107
86 381 0 92
86 382 0 121
86 425 0 116
86 435 0 82
86 447 0 107
86 450 0 115
86 473 0 63
86 480 0 84
86 496 0 82
86 498 0 81
87 321 0 85
87 322 0 83
87 334 0 96
87 335 0 71
87 344 0 76
87 348 0 62
87 361 0 87
87 377 0 102
87 383 0 84
87 397 0 72
87 410 0 75
87 411 0 67
87 475 0 87
87 482 0 76
87 484 0 93
88 309 0 82
88 350 0 74
88 371 0 75
88 388 0 85
88 407 0 94
88 447 0 98
88 461 0 73
88 474 0 107
88 479 0 75
89 302 0 79
89 305 0 100
89 311 0 80
89 314 0 81
89 329 0 70
89 334 0 93
89 358 0 88
89 407 0 88
89 426 0 98
89 469 0 90
90 321 0 107
90 327 0 90
90 431 0 99
90 438 0 96
90 460 0 95
90 461 0 99
90 481 0 116
91 302 0 74
91 313 0 86
91 330 0 84
91 341 0 70
91 344 0 95
91 353 0 83
91 396 0 109
91 398 0 96
91 406 0 106
91 420 0 108
91 462 0 68
91 464 0 100
91 470 0 105
91 488 0 90
92 303 0 74
92 328 0 62
92 344 0 83
92 345 0 93
92 375 0 86
92 407 0 85
92 422 0 72
92 455 0 68
92 472 0 58
92 474 0 87
92 493 0 78
92 498 0 73
93 320 0 100
93 364 0 88
93 376 0 98
93 383 0 101
93 420 0 117
93 439 0 116
93 444 0 97
93 447 0 128
93 454 0 91
93 497 0 138
94 308 0 70
94 315 0 86
94 322 0 90
94 338 0 92
94 344 0 86
94 350 0 67
94 352 0 65
94 394 0 109
94 416 0 80
94 417 0 86
94 419 0 75
94 435 0 70
94 500 0 89
95 312 0 56
95 343 0 61
95 378 0 68
95 382 0 99
95 391 0 74
95 398 0 84
95 400 0 78
95 428 0 88
95 431 0 79
95 436 0 63
95 446 0 68
95 449 0 67
95 461 0 69
95 480 0 73
95 481 0 81
96 302 0 78
96 303 0 87
96 315 0 102
96 324 0 71
96 332 0 74
96 344 0 100
96 349 0 91
96 356 0 86
96 361 0 96
96 422 0 87
96 469 0 83
97 302 0 93
97 305 0 114
97 324 0 69
97 331 0 80
97 366 0 87
97 388 0 112
97 410 0 107
97 428 0 114
97 443 0 94
97 453 0 105
97 464 0 91
97 474 0 112
97 492 0 98
97 495 0 104
98 330 0 86
98 334 0 86
98 368 0 96
98 370 0 94
98 392 0 103
98 402 0 81
98 403 0 80
98 411 0 77
98 441 0 95
98 451 0 60
98 474 0 85
98 487 0 79
98 495 0 82
99 301 0 55
99 321 0 87
99 345 0 103
99 356 0 78
99 368 0 86
99 381 0 66
99 390 0 92
99 401 0 74
99 425 0 110
99 452 0 89
99 454 0 74
99 468 0 73
99 485 0 93
99 487 0 63
99 491 0 74
99 495 0 93
100 309 0 94
100 320 0 99
100 328 0 90
100 353 0 105
100 382 0 126
100 383 0 90
100 396 0 133
100 453 0 109
100 457 0 102
100 475 0 89
100 493 0 93
101 318 0 103
101 336 0 89
101 378 0 85
101 386 0 107
101 401 0 99
101 425 0 109
101 439 0 97
101 468 0 97
101 485 0 89
101 496 0 82
101 497 0 113
101 499 0 104
102 315 0 106
102 321 0 123
102 347 0 118
102 355 0 93
102 363 0 80
102 381 0 107
102 397 0 107
102 408 0 111
102 442 0 120
102 446 0 83
102 460 0 101
103 309 0 80
103 328 0 78
103 337 0 96
103 350 0 93
103 373 0 105
103 382 0 127
103 386 0 121
103 401 0 92
103 404 0 87
103 443 0 86
103 460 0 99
103 486 0 86
104 305 0 105
104 310 0 88
104 372 0 92
104 374 0 85
104 413 0 89
104 416 0 86
104 423 0 76
104 425 0 113
104 442 0 115
104 460 0 88
104 472 0 73
104 486 0 95
105 302 0 91
105 330 0 86
105 333 0 63
105 357 0 103
105 359 0 86
105 387 0 100
105 432 0 63
105 444 0 96
105 464 0 100
105 465 0 85
105 492 0 109
106 309 0 85
106 314 0 85
106 333 0 78
106 357 0 104
106 443 0 86
106 461 0 88
106 481 0 85
107 308 0 84
107 343 0 61
107 345 0 99
107 367 0 79
107 375 0 102
107 388 0 95
107 403 0 73
107 406 0 107
107 407 0 101
107 411 0 81
107 462 0 73
107 487 0 78
108 335 0 101
108 345 0 125
108 357 0 126
108 363 0 100
108 367 0 109
108 382 0 135
108 397 0 110
108 411 0 98
108 429 0 119
108 432 0 74
108 452 0 125
108 477 0 118
109 302 0 105
109 311 0 91
109 321 0 120
109 330 0 93
109 333 0 75
109 345 0 138
109 350 0 95
109 363 0 81
109 389 0 111
109 415 0 76
109 442 0 140
109 451 0 76
109 452 0 110
109 453 0 99
109 470 0 131
109 473 0 74
109 486 0 108
110 312 0 62
110 324 0 62
110 327 0 79
110 335 0 70
110 367 0 88
110 369 0 67
110 404 0 71
110 409 0 94
110 414 0 87
110 422 0 85
110 434 0 102
110 449 0 75
110 453 0 82
111 304 0 108
111 307 0 103
111 311 0 75
111 315 0 101
111 332 0 86
111 335 0 93
111 340 0 93
111 361 0 103
111 370 0 112
111 397 0 96
111 474 0 117
111 479 0 93
111 495 0 112
112 325 0 90
112 393 0 101
112 478 0 75
112 495 0 89
112 500 0 97
113 309 0 105
113 310 0 101
113 316 0 120
113 323 0 141
113 326 0 108
113 351 0 116
113 353 0 102
113 358 0 126
113 369 0 86
113 396 0 135
113 398 0 114
113 401 0 105
113 402 0 102
113 461 0 111
114 301 0 75
114 342 0 99
114 374 0 83
114 380 0 74
114 438 0 83
114 446 0 79
114 472 0 72
115 317 0 114
115 328 0 109
115 343 0 85
115 345 0 140
115 366 0 106
115 380 0 104
115 392 0 120
115 439 0 135
115 468 0 124
115 486 0 116
115 497 0 136
116 313 0 78
116 325 0 116
116 326 0 94
116 339 0 102
116 350 0 92
116 378 0 91
116 381 0 112
116 385 0 112
116 425 0 147
116 458 0 92
116 460 0 114
116 468 0 114
116 473 0 77
116 485 0 122
116 496 0 105
117 307 0 61
117 315 0 79
117 324 0 53
117 334 0 84
117 345 0 89
117 380 0 64
117 381 0 75
117 414 0 76
117 432 0 47
117 441 0 65
117 444 0 69
117 445 0 76
117 456 0 77
117 459 0 71
118 317 0 89
118 339 0 91
118 341 0 89
118 378 0 90
118 380 0 86
118 382 0 129
118 392 0 103
118 409 0 111
118 429 0 124
118 432 0 71
118 478 0 87
119 317 0 98
119 372 0 111
119 379 0 88
119 404 0 77
119 408 0 90
119 471 0 104
119 476 0 58
119 477 0 108
119 480 0 92
119 486 0 93
119 487 0 84
119 497 0 98
120 306 0 83
120 325 0 83
120 328 0 58
120 332 0 66
120 352 0 60
120 368 0 79
120 370 0 87
120 379 0 84
120 408 0 70
120 430 0 88
120 465 0 64
120 489 0 73
120 493 0 79
121 301 0 53
121 308 0 50
121 332 0 55
121 349 0 69
121 350 0 64
121 361 0 60
121 366 0 65
121 376 0 50
121 400 0 71
121 402 0 55
121 407 0 76
121 432 0 45
121 435 0 66
121 438 0 65
121 472 0 49
121 473 0 49
122 327 0 96
122 350 0 92
122 380 0 93
122 385 0 101
122 399 0 84
122 410 0 101
122 431 0 117
122 464 0 117
122 467 0 100
122 469 0 91
122 478 0 108
122 487 0 98
123 340 0 76
123 342 0 92
123 372 0 85
123 376 0 66
123 378 0 75
123 384 0 81
123 392 0 89
123 449 0 84
123 451 0 58
123 464 0 82
123 479 0 87
123 482 0 79
123 491 0 88
124 302 0 97
124 314 0 100
124 317 0 99
124 338 0 117
124 342 0 107
124 358 0 103
124 395 0 100
124 438 0 86
124 464 0 101
124 483 0 118
124 493 0 99
125 319 0 110
125 335 0 87
125 336 0 96
125 338 0 116
125 362 0 77
125 365 0 89
125 377 0 130
125 380 0 89
125 389 0 112
125 421 0 82
125 422 0 104
125 434 0 131
125 466 0 129
125 484 0 112
126 339 0 101
126 350 0 95
126 364 0 85
126 366 0 104
126 386 0 129
126 388 0 117
126 391 0 107
126 423 0 100
126 446 0 113
126 452 0 131
126 476 0 81
127 350 0 80
127 401 0 94
127 412 0 69
127 416 0 88
127 465 0 69
128 303 0 106
128 351 0 94
128 371 0 95
128 379 0 98
128 396 0 140
128 418 0 119
128 426 0 119
128 427 0 129
128 432 0 70
128 473 0 71
128 495 0 99
129 303 0 75
129 337 0 86
129 344 0 88
129 350 0 66
129 352 0 63
129 359 0 71
129 430 0 99
129 433 0 94
129 434 0 88
129 456 0 85
129 463 0 74
129 471 0 73
129 478 0 60
129 500 0 81
130 308 0 83
130 321 0 101
130 371 0 86
130 395 0 111
130 438 0 99
130 486 0 87
131 312 0 76
131 335 0 78
131 346 0 82
131 393 0 109
131 405 0 79
131 406 0 92
131 420 0 110
131 440 0 82
131 441 0 84
131 474 0 99
131 478 0 77
131 497 0 98
132 350 0 87
132 355 0 82
132 375 0 122
132 428 0 119
132 454 0 85
132 468 0 99
132 469 0 92
133 305 0 101
133 313 0 68
133 335 0 66
133 378 0 77
133 390 0 93
133 395 0 98
133 419 0 72
133 450 0 99
133 461 0 88
133 496 0 90
134 306 0 82
134 307 0 81
134 348 0 78
134 370 0 90
134 390 0 113
134 392 0 93
134 399 0 73
134 405 0 69
134 407 0 93
134 416 0 75
134 426 0 99
134 441 0 78
134 462 0 76
134 483 0 94
135 330 0 89
135 349 0 124
135 356 0 101
135 362 0 77
135 369 0 88
135 383 0 93
135 384 0 110
135 404 0 88
135 452 0 115
135 486 0 106
135 500 0 111
136 305 0 108
136 310 0 95
136 319 0 103
136 322 0 106
136 343 0 72
136 356 0 101
136 375 0 120
136 426 0 120
136 434 0 128
136 440 0 98
136 446 0 96
136 453 0 114
136 464 0 100
136 477 0 129
136 478 0 91
136 493 0 95
136 500 0 119
137 328 0 80
137 345 0 117
137 353 0 87
137 367 0 82
137 387 0 94
137 388 0 87
137 408 0 78
137 409 0 105
137 473 0 70
138 311 0 66
138 316 0 91
138 345 0 98
138 357 0 105
138 374 0 82
138 378 0 76
138 394 0 111
138 417 0 88
138 418 0 100
138 459 0 77
138 492 0 85
138 499 0 90
139 305 0 103
139 337 0 105
139 341 0 81
139 392 0 110
139 398 0 113
139 410 0 91
139 419 0 92
139 431 0 99
139 436 0 78
139 457 0 119
139 474 0 108
140 317 0 111
140 324 0 83
140 372 0 136
140 373 0 121
140 383 0 104
140 389 0 122
140 405 0 101
140 413 0 119
140 435 0 108
140 464 0 126
140 473 0 84
140 474 0 122
140 475 0 120
140 483 0 127
141 308 0 66
141 312 0 60
141 328 0 74
141 376 0 71
141 380 0 65
141 399 0 71
141 414 0 69
141 435 0 66
141 443 0 72
141 482 0 75
141 484 0 87
141 485 0 67
141 494 0 59
142 322 0 95
142 325 0 89
142 331 0 65
142 337 0 92
142 347 0 92
142 369 0 65
142 372 0 82
142 380 0 82
142 454 0 82
142 495 0 94
142 497 0 94
143 306 0 118
143 318 0 117
143 320 0 113
143 342 0 124
143 402 0 104
143 437 0 91
143 459 0 108
143 476 0 92
143 498 0 103
144 326 0 77
144 329 0 70
144 424 0 89
144 430 0 109
144 474 0 87
144 494 0 78
145 311 0 61
145 319 0 88
145 333 0 65
145 357 0 98
145 367 0 92
145 380 0 66
145 381 0 82
145 395 0 90
145 397 0 85
145 398 0 91
145 412 0 60
145 414 0 95
145 423 0 75
145 447 0 85
145 477 0 98
145 479 0 74
145 494 0 73
146 307 0 96
146 367 0 107
146 378 0 83
146 441 0 101
146 442 0 120
146 449 0 95
146 493 0 98
147 327 0 100
147 330 0 84
147 377 0 139
147 394 0 126
147 435 0 92
147 444 0 90
147 453 0 97
147 455 0 89
147 463 0 77
147 466 0 124
147 472 0 80
147 475 0 104
147 479 0 98
148 316 0 65
148 376 0 45
148 403 0 46
148 412 0 55
148 469 0 48
148 487 0 47
148 489 0 49
149 315 0 106
149 318 0 113
149 352 0 91
149 354 0 90
149 367 0 107
149 395 0 107
149 398 0 108
149 407 0 110
149 425 0 130
150 336 0 91
150 337 0 91
150 358 0 102
150 360 0 76
150 374 0 73
150 383 0 89
150 415 0 63
150 416 0 90
150 417 0 107
150 425 0 107
150 441 0 77
150 443 0 96
150 446 0 92
150 464 0 84
150 466 0 108
150 479 0 77
150 500 0 94
151 301 0 68
151 306 0 78
151 333 0 68
151 364 0 62
151 374 0 74
151 400 0 76
151 423 0 80
151 480 0 85
151 483 0 96
151 489 0 60
151 497 0 85
152 309 0 77
152 317 0 89
152 320 0 89
152 336 0 68
152 375 0 105
152 392 0 88
152 401 0 83
152 430 0 99
152 436 0 79
152 438 0 85
152 442 0 106
152 482 0 74
153 315 0 56
153 319 0 50
153 348 0 51
153 352 0 45
153 361 0 60
153 374 0 56
153 407 0 65
153 427 0 73
153 437 0 44
153 441 0 53
153 457 0 69
153 459 0 47
153 467 0 54
153 497 0 60
154 304 0 102
154 315 0 103
154 317 0 85
154 359 0 92
154 362 0 73
154 417 0 114
154 419 0 84
154 421 0 84
154 430 0 124
154 444 0 100
154 493 0 96
154 499 0 112
155 321 0 92
155 329 0 52
155 334 0 87
155 374 0 66
155 410 0 80
155 415 0 65
155 430 0 95
155 437 0 58
155 443 0 82
155 446 0 89
155 468 0 82
155 490 0 80
155 497 0 77
156 301 0 75
156 310 0 74
156 312 0 66
156 322 0 92
156 352 0 74
156 354 0 65
156 368 0 92
156 377 0 115
156 395 0 87
156 404 0 89
156 406 0 90
156 407 0 97
156 413 0 92
156 420 0 109
156 462 0 71
156 463 0 65
156 474 0 90
156 491 0 76
156 494 0 91
156 498 0 79
157 311 0 52
157 314 0 71
157 328 0 69
157 349 0 73
157 391 0 76
157 395 0 82
157 401 0 73
157 423 0 67
157 442 0 101
157 452 0 89
157 480 0 66
157 483 0 94
157 488 0 81
157 493 0 83
157 494 0 71
158 312 0 101
158 339 0 126
158 350 0 106
158 355 0 100
158 377 0 152
158 390 0 148
158 434 0 143
158 454 0 93
158 470 0 134
159 314 0 75
159 321 0 98
159 323 0 107
159 333 0 50
159 349 0 96
159 357 0 114
159 381 0 80
159 444 0 81
159 478 0 86
159 489 0 51
160 304 0 81
160 305 0 95
160 316 0 91
160 322 0 94
160 327 0 83
160 356 0 70
160 435 0 65
160 453 0 84
160 461 0 87
160 479 0 90
160 500 0 94
161 330 0 95
161 338 0 110
161 351 0 86
161 363 0 82
161 386 0 91
161 395 0 90
161 406 0 88
161 412 0 69
161 428 0 89
161 438 0 69
161 477 0 92
161 481 0 86
162 302 0 67
162 306 0 81
162 363 0 74
162 383 0 80
162 384 0 69
162 409 0 91
162 436 0 67
162 441 0 74
162 442 0 100
162 452 0 87
162 468 0 87
162 487 0 62
162 493 0 74
163 334 0 119
163 339 0 91
163 343 0 77
163 351 0 97
163 370 0 120
163 381 0 87
163 388 0 102
163 392 0 102
163 436 0 84
163 449 0 109
163 453 0 98
163 454 0 90
163 459 0 105
163 476 0 79
163 479 0 107
163 487 0 100
163 490 0 106
164 310 0 75
164 314 0 78
164 316 0 98
164 320 0 78
164 321 0 93
164 390 0 99
164 411 0 74
164 418 0 94
164 421 0 67
164 428 0 99
164 441 0 83
164 491 0 85
165 309 0 87
165 323 0 115
165 372 0 86
165 385 0 89
165 411 0 77
165 424 0 89
165 439 0 92
165 442 0 110
165 447 0 94
165 449 0 86
165 469 0 92
165 474 0 108
165 482 0 96
166 305 0 106
166 389 0 110
166 397 0 102
166 401 0 105
166 402 0 79
166 423 0 78
166 469 0 88
166 470 0 105
166 474 0 94
166 488 0 103
167 320 0 82
167 356 0 77
167 357 0 107
167 366 0 73
167 375 0 110
167 385 0 77
167 388 0 72
167 437 0 69
167 442 0 97
167 462 0 62
167 478 0 80
167 479 0 91
167 491 0 74
168 351 0 91
168 358 0 102
168 364 0 77
168 386 0 112
168 408 0 87
168 415 0 81
168 429 0 112
168 443 0 86
168 446 0 88
168 464 0 103
168 466 0 108
168 468 0 97
168 485 0 97
168 492 0 94
168 498 0 74
169 301 0 57
169 306 0 71
169 332 0 56
169 411 0 57
169 420 0 75
169 450 0 82
169 454 0 59
169 457 0 72
169 477 0 89
169 484 0 85
169 486 0 69
170 310 0 67
170 358 0 103
170 369 0 68
170 387 0 87
170 405 0 68
170 420 0 88
170 422 0 73
170 450 0 96
170 452 0 91
170 453 0 86
170 488 0 85
171 306 0 74
171 320 0 74
171 364 0 72
171 372 0 94
171 381 0 80
171 383 0 85
171 395 0 101
171 461 0 78
171 479 0 80
172 304 0 108
172 309 0 84
172 313 0 76
172 327 0 94
172 335 0 81
172 342 0 108
172 350 0 93
172 395 0 109
172 408 0 95
172 418 0 112
172 426 0 107
172 455 0 78
172 459 0 92
173 320 0 84
173 321 0 103
173 322 0 95
173 345 0 113
173 389 0 89
173 394 0 120
173 407 0 98
173 414 0 94
173 438 0 84
173 442 0 121
173 494 0 92
174 309 0 56
174 327 0 57
174 337 0 66
174 343 0 44
174 349 0 62
174 440 0 51
174 446 0 58
174 495 0 62
175 308 0 88
175 311 0 85
175 328 0 86
175 361 0 106
175 367 0 97
175 393 0 110
175 411 0 78
175 415 0 69
175 439 0 100
175 449 0 88
175 454 0 81
175 494 0 75
176 301 0 56
176 380 0 81
176 384 0 70
176 388 0 85
176 421 0 65
176 438 0 72
176 461 0 63
176 464 0 91
176 481 0 84
177 322 0 90
177 344 0 88
177 357 0 99
177 365 0 83
177 372 0 88
177 380 0 81
177 387 0 103
177 435 0 71
177 460 0 82
177 475 0 87
177 482 0 96
177 494 0 76
178 322 0 99
178 327 0 91
178 357 0 115
178 361 0 110
178 363 0 88
178 392 0 100
178 398 0 96
178 402 0 96
178 419 0 84
178 435 0 93
178 454 0 84
178 464 0 110
179 319 0 109
179 323 0 128
179 344 0 108
179 358 0 107
179 363 0 93
179 364 0 85
179 386 0 115
179 388 0 101
179 389 0 118
179 410 0 99
180 320 0 62
180 325 0 75
180 333 0 60
180 337 0 69
180 355 0 53
180 358 0 78
180 371 0 64
180 404 0 58
180 421 0 71
180 429 0 72
180 463 0 50
180 464 0 71
180 477 0 89
180 479 0 74
180 497 0 78
181 331 0 41
181 338 0 65
181 343 0 41
181 383 0 46
181 387 0 49
181 409 0 62
181 431 0 47
181 437 0 38
181 440 0 47
181 450 0 70
181 457 0 55
181 491 0 54
181 497 0 49
182 312 0 65
182 327 0 86
182 339 0 74
182 346 0 70
182 385 0 87
182 395 0 83
182 423 0 74
182 429 0 104
182 433 0 88
182 451 0 63
182 478 0 71
182 489 0 62
183 328 0 79
183 354 0 72
183 368 0 91
183 381 0 87
183 397 0 86
183 451 0 51
183 459 0 75
184 331 0 75
184 332 0 70
184 342 0 105
184 361 0 97
184 381 0 83
184 409 0 94
184 424 0 96
184 438 0 85
184 442 0 117
184 450 0 111
184 460 0 93
184 482 0 90
184 488 0 93
184 491 0 90
184 496 0 79
184 497 0 102
185 305 0 94
185 318 0 102
185 364 0 67
185 420 0 103
185 427 0 106
185 445 0 90
185 451 0 68
185 457 0 95
185 460 0 93
185 463 0 82
185 481 0 80
185 495 0 84
186 306 0 98
186 319 0 89
186 323 0 120
186 331 0 67
186 344 0 89
186 349 0 98
186 354 0 77
186 370 0 109
186 380 0 86
186 391 0 79
186 406 0 98
186 414 0 102
186 436 0 68
186 438 0 80
186 456 0 100
186 461 0 96
186 463 0 84
186 470 0 120
187 307 0 87
187 315 0 113
187 330 0 85
187 331 0 74
187 335 0 83
187 345 0 109
187 379 0 97
187 411 0 82
187 420 0 105
187 421 0 83
187 446 0 92
187 455 0 74
187 462 0 81
187 466 0 109
187 470 0 112
187 476 0 70
187 486 0 93
187 488 0 103
188 306 0 88
188 350 0 88
188 357 0 124
188 406 0 105
188 440 0 75
188 484 0 120
188 495 0 86
189 304 0 102
189 313 0 53
189 319 0 77
189 332 0 58
189 335 0 76
189 385 0 86
189 415 0 59
189 424 0 92
189 438 0 80
189 445 0 84
189 471 0 78
190 301 0 53
190 310 0 83
190 316 0 70
190 323 0 94
190 349 0 91
190 366 0 68
190 376 0 65
190 383 0 75
190 394 0 120
190 395 0 92
190 397 0 75
190 439 0 73
190 462 0 73
190 466 0 94
190 471 0 81
190 475 0 78
190 491 0 74
190 496 0 81
191 306 0 92
191 312 0 65
191 348 0 77
191 369 0 75
191 457 0 94
191 482 0 87
191 489 0 64
191 494 0 74
191 495 0 104
191 500 0 100
192 306 0 125
192 319 0 120
192 327 0 109
192 354 0 112
192 363 0 103
192 392 0 131
192 406 0 123
192 412 0 101
192 425 0 159
192 450 0 147
192 471 0 124
192 480 0 110
192 498 0 102
193 333 0 57
193 334 0 83
193 344 0 86
193 348 0 62
193 354 0 69
193 361 0 86
193 387 0 79
193 393 0 97
193 401 0 79
193 439 0 82
193 443 0 77
194 303 0 99
194 332 0 82
194 357 0 108
194 387 0 119
194 398 0 118
194 421 0 88
194 454 0 84
195 302 0 81
195 359 0 98
195 387 0 112
195 391 0 114
195 401 0 117
195 413 0 108
195 420 0 125
195 441 0 103
195 442 0 127
195 444 0 103
195 482 0 101
195 485 0 103
196 304 0 83
196 305 0 83
196 307 0 79
196 331 0 59
196 345 0 96
196 358 0 88
196 367 0 81
196 372 0 80
196 380 0 78
196 401 0 73
196 417 0 83
196 423 0 67
196 441 0 75
196 482 0 78
196 489 0 80
197 310 0 118
197 313 0 79
197 324 0 72
197 354 0 95
197 403 0 99
197 430 0 130
197 455 0 105
197 473 0 77
198 301 0 45
198 308 0 54
198 341 0 45
198 342 0 63
198 354 0 52
198 361 0 60
198 383 0 60
198 388 0 56
198 393 0 72
198 400 0 54
198 412 0 53
198 419 0 56
198 427 0 73
198 429 0 61
198 474 0 66
198 481 0 57
199 333 0 69
199 356 0 112
199 359 0 111
199 399 0 112
199 408 0 111
199 416 0 108
199 425 0 161
199 441 0 111
200 319 0 110
200 320 0 98
200 330 0 85
200 336 0 97
200 371 0 93
200 374 0 94
200 380 0 82
200 411 0 86
200 468 0 100
201 333 0 68
201 344 0 90
201 424 0 89
201 431 0 103
201 434 0 127
201 436 0 82
201 441 0 102
201 443 0 90
201 450 0 128
201 457 0 103
201 468 0 106
201 469 0 83
201 475 0 104
201 480 0 94
201 481 0 104
201 490 0 98
202 306 0 83
202 317 0 68
202 320 0 85
202 327 0 80
202 362 0 52
202 365 0 78
202 372 0 88
202 385 0 84
202 394 0 116
202 407 0 80
202 437 0 64
202 444 0 87
203 302 0 80
203 307 0 77
203 311 0 62
203 327 0 79
203 342 0 97
203 356 0 75
203 443 0 81
203 451 0 53
203 456 0 79
204 314 0 68
204 346 0 73
204 359 0 71
204 366 0 83
204 383 0 88
204 401 0 87
204 426 0 88
204 433 0 82
204 459 0 79
204 480 0 93
205 331 0 82
205 345 0 116
205 350 0 86
205 356 0 91
205 392 0 116
205 404 0 88
205 425 0 130
205 438 0 93
205 494 0 94
206 303 0 96
206 307 0 109
206 312 0 77
206 331 0 83
206 351 0 102
206 356 0 98
206 357 0 103
206 386 0 114
206 397 0 92
206 426 0 104
206 462 0 83
206 464 0 106
206 488 0 89
206 490 0 96
206 493 0 105
207 330 0 62
207 335 0 60
207 358 0 73
207 364 0 69
207 375 0 88
207 388 0 68
207 443 0 61
207 453 0 71
207 461 0 62
207 491 0 61
208 307 0 100
208 312 0 96
208 330 0 101
208 331 0 84
208 337 0 115
208 346 0 93
208 360 0 98
208 363 0 86
208 365 0 95
208 368 0 115
208 379 0 113
208 392 0 116
208 413 0 109
208 418 0 130
208 461 0 99
208 470 0 132
208 477 0 128
208 498 0 101
208 499 0 128
209 320 0 71
209 321 0 87
209 331 0 53
209 350 0 64
209 368 0 84
209 387 0 75
209 389 0 75
209 419 0 64
209 434 0 94
209 435 0 64
209 475 0 73
209 484 0 85
210 321 0 100
210 323 0 110
210 325 0 88
210 332 0 73
210 338 0 109
210 342 0 98
210 361 0 95
210 391 0 79
210 411 0 67
210 419 0 86
210 441 0 91
210 478 0 82
210 493 0 80
210 494 0 85
211 335 0 73
211 339 0 80
211 341 0 58
211 371 0 63
211 386 0 102
211 403 0 67
211 424 0 80
211 428 0 104
211 498 0 69
211 500 0 78
212 332 0 74
212 343 0 72
212 354 0 83
212 375 0 103
212 426 0 96
212 442 0 104
213 308 0 74
213 309 0 80
213 320 0 88
213 322 0 92
213 329 0 59
213 341 0 63
213 359 0 79
213 368 0 94
213 375 0 93
213 381 0 75
213 405 0 73
213 419 0 78
213 421 0 61
213 474 0 91
213 480 0 85
213 497 0 90
213 498 0 73
214 310 0 88
214 325 0 79
214 361 0 85
214 376 0 74
214 377 0 104
214 425 0 109
214 451 0 52
214 460 0 76
214 466 0 103
214 469 0 81
214 490 0 80
214 492 0 69
215 312 0 58
215 313 0 65
215 332 0 67
215 334 0 99
215 344 0 87
215 359 0 79
215 384 0 68
215 414 0 95
215 420 0 90
215 437 0 64
215 468 0 88
215 478 0 76
216 304 0 111
216 313 0 68
216 337 0 131
216 343 0 71
216 352 0 96
216 363 0 91
216 382 0 131
216 398 0 121
216 411 0 76
216 432 0 72
217 301 0 68
217 317 0 84
217 320 0 88
217 333 0 75
217 343 0 56
217 344 0 99
217 349 0 102
217 378 0 88
217 402 0 90
217 443 0 101
217 455 0 92
217 461 0 91
217 462 0 79
217 495 0 93
217 497 0 111
218 366 0 98
218 375 0 115
218 386 0 116
218 398 0 111
218 408 0 94
218 451 0 76
218 477 0 104
218 491 0 97
219 306 0 68
219 321 0 81
219 367 0 77
219 376 0 66
219 377 0 95
219 387 0 80
219 449 0 70
219 451 0 54
219 467 0 69
219 478 0 68
220 316 0 65
220 329 0 54
220 390 0 73
220 406 0 62
220 416 0 55
220 424 0 46
220 442 0 71
220 446 0 48
220 466 0 75
220 499 0 69
221 322 0 104
221 325 0 101
221 372 0 97
221 378 0 84
221 398 0 105
221 408 0 103
221 425 0 125
221 441 0 88
221 463 0 83
221 470 0 120
221 475 0 100
222 372 0 90
222 377 0 120
222 380 0 81
222 384 0 90
222 395 0 106
222 454 0 78
222 458 0 69
223 366 0 80
223 382 0 117
223 383 0 95
223 396 0 116
223 403 0 85
223 428 0 109
223 446 0 96
223 457 0 102
223 465 0 79
223 470 0 113
223 478 0 87
223 481 0 101
223 482 0 92
223 489 0 82
224 310 0 75
224 321 0 121
224 327 0 93
224 350 0 72
224 383 0 93
224 395 0 105
224 401 0 91
224 415 0 70
224 480 0 97
225 342 0 123
225 344 0 110
225 415 0 77
225 419 0 91
225 425 0 137
225 449 0 105
225 454 0 86
225 460 0 106
225 464 0 105
225 474 0 114
225 493 0 113
226 303 0 105
226 310 0 99
226 335 0 83
226 386 0 132
226 398 0 120
226 403 0 87
226 404 0 94
226 410 0 98
226 452 0 112
226 453 0 100
226 475 0 112
226 476 0 76
226 480 0 108
226 483 0 117
226 491 0 103
227 308 0 93
227 327 0 98
227 330 0 94
227 358 0 118
227 361 0 119
227 363 0 88
227 371 0 83
227 390 0 120
227 395 0 109
227 397 0 102
227 406 0 109
227 430 0 113
227 440 0 90
227 444 0 88
227 445 0 107
227 453 0 100
227 481 0 97
228 347 0 95
228 383 0 78
228 412 0 70
228 418 0 101
228 438 0 65
228 443 0 92
228 444 0 92
228 499 0 106
229 316 0 98
229 322 0 98
229 330 0 89
229 398 0 100
229 403 0 91
229 407 0 95
229 422 0 83
229 432 0 58
229 485 0 93
230 319 0 96
230 358 0 84
230 365 0 75
230 394 0 119
230 422 0 91
230 439 0 104
230 445 0 102
230 472 0 66
230 496 0 88
231 354 0 75
231 366 0 73
231 389 0 90
231 409 0 86
231 431 0 75
231 432 0 50
231 445 0 87
231 456 0 78
231 461 0 67
231 470 0 94
231 471 0 82
231 473 0 54
231 476 0 59
231 485 0 86
232 307 0 80
232 323 0 116
232 352 0 87
232 385 0 101
232 386 0 115
232 409 0 101
232 413 0 91
232 416 0 94
232 429 0 111
232 438 0 83
232 460 0 102
232 484 0 109
232 492 0 97
233 341 0 72
233 359 0 91
233 363 0 82
233 384 0 89
233 386 0 103
233 419 0 84
233 421 0 76
233 455 0 81
233 466 0 107
233 470 0 93
233 486 0 76
233 500 0 95
234 311 0 93
234 314 0 103
234 317 0 112
234 324 0 70
234 330 0 95
234 337 0 120
234 346 0 90
234 354 0 94
234 361 0 122
234 368 0 120
234 381 0 102
234 398 0 123
234 408 0 118
234 450 0 148
234 469 0 106
234 489 0 77
234 493 0 114
235 306 0 109
235 321 0 125
235 337 0 132
235 339 0 112
235 347 0 117
235 361 0 114
235 400 0 112
235 420 0 136
235 421 0 85
235 438 0 97
235 456 0 125
235 458 0 96
235 491 0 117
236 308 0 91
236 334 0 109
236 341 0 82
236 379 0 97
236 381 0 97
236 389 0 109
236 393 0 113
236 464 0 94
237 336 0 86
237 369 0 72
237 370 0 103
237 400 0 87
237 405 0 78
237 432 0 60
237 444 0 86
237 462 0 80
237 464 0 98
237 466 0 105
237 484 0 110
237 493 0 89
238 311 0 46
238 359 0 67
238 383 0 62
238 397 0 62
238 424 0 64
238 425 0 95
238 428 0 70
238 449 0 62
238 471 0 77
238 500 0 78
239 308 0 80
239 312 0 70
239 318 0 103
239 329 0 58
239 332 0 65
239 337 0 99
239 354 0 89
239 360 0 96
239 367 0 103
239 413 0 99
239 433 0 95
239 481 0 84
239 486 0 80
239 498 0 72
240 340 0 103
240 371 0 109
240 413 0 123
240 424 0 121
240 452 0 134
240 463 0 91
241 359 0 93
241 364 0 70
241 388 0 91
241 406 0 93
241 408 0 83
241 416 0 90
241 419 0 91
241 428 0 112
241 430 0 102
241 444 0 92
241 445 0 99
241 447 0 105
241 452 0 105
241 463 0 62
241 470 0 112
242 309 0 107
242 310 0 112
242 314 0 112
242 324 0 72
242 333 0 88
242 334 0 124
242 338 0 146
242 341 0 97
242 354 0 99
242 370 0 135
242 418 0 135
242 434 0 141
242 445 0 126
242 446 0 105
242 447 0 123
242 449 0 119
242 470 0 136
243 313 0 77
243 333 0 77
243 371 0 94
243 377 0 138
243 398 0 114
243 407 0 105
243 441 0 87
243 469 0 95
244 309 0 78
244 340 0 87
244 348 0 76
244 365 0 80
244 376 0 71
244 388 0 97
244 390 0 116
244 398 0 97
244 426 0 103
244 429 0 101
244 455 0 80
244 480 0 90
245 314 0 113
245 316 0 122
245 345 0 145
245 346 0 95
245 353 0 106
245 354 0 101
245 371 0 97
245 389 0 121
245 395 0 123
245 397 0 113
245 411 0 97
245 427 0 152
245 446 0 115
245 455 0 103
245 458 0 99
245 479 0 118
245 481 0 118
245 483 0 129
245 486 0 111
246 323 0 101
246 390 0 113
246 400 0 75
246 404 0 77
246 407 0 100
246 412 0 67
246 419 0 79
246 429 0 110
246 456 0 98
246 473 0 63
246 500 0 83
247 335 0 86
247 337 0 107
247 342 0 98
247 350 0 80
247 356 0 87
247 363 0 84
247 366 0 78
247 403 0 92
247 425 0 126
247 454 0 67
247 465 0 76
247 466 0 102
247 480 0 82
247 482 0 87
248 317 0 69
248 321 0 75
248 339 0 56
248 369 0 56
248 388 0 61
248 390 0 86
248 411 0 48
248 416 0 55
248 441 0 56
248 461 0 53
248 483 0 73
248 491 0 64
248 497 0 74
249 325 0 105
249 328 0 81
249 332 0 87
249 340 0 98
249 343 0 84
249 347 0 97
249 378 0 86
249 393 0 129
249 397 0 111
249 417 0 126
249 439 0 120
249 449 0 91
250 311 0 90
250 330 0 89
250 347 0 96
250 357 0 111
250 390 0 114
250 441 0 90
250 446 0 98
250 461 0 89
250 485 0 112
251 308 0 84
251 309 0 97
251 313 0 80
251 338 0 116
251 356 0 103
251 357 0 116
251 364 0 74
251 380 0 97
251 397 0 106
251 401 0 110
251 402 0 84
251 411 0 80
251 452 0 124
251 456 0 111
252 313 0 70
252 322 0 102
252 330 0 96
252 347 0 103
252 352 0 87
252 356 0 92
252 384 0 106
252 407 0 99
252 436 0 76
252 445 0 103
252 459 0 85
252 473 0 72
253 317 0 86
253 382 0 126
253 405 0 80
253 444 0 100
253 455 0 93
253 460 0 83
253 487 0 75
254 307 0 86
254 319 0 88
254 323 0 104
254 328 0 70
254 344 0 88
254 359 0 73
254 369 0 63
254 376 0 75
254 381 0 71
254 402 0 69
254 415 0 55
254 434 0 106
254 457 0 103
254 465 0 65
255 339 0 94
255 341 0 106
255 358 0 128
255 365 0 90
255 420 0 134
255 424 0 120
255 444 0 98
255 480 0 115
255 482 0 112
255 494 0 97
255 495 0 111
256 313 0 83
256 332 0 91
256 342 0 114
256 378 0 91
256 396 0 133
256 402 0 93
256 414 0 113
256 422 0 110
256 437 0 90
256 439 0 115
256 448 0 96
256 481 0 108
256 484 0 123
257 309 0 101
257 310 0 99
257 314 0 103
257 321 0 125
257 354 0 94
257 366 0 94
257 379 0 116
257 388 0 107
257 392 0 122
257 426 0 130
257 437 0 89
257 443 0 110
257 469 0 100
257 470 0 124
257 486 0 105
257 494 0 110
258 312 0 84
258 313 0 78
258 314 0 100
258 317 0 94
258 327 0 99
258 328 0 99
258 342 0 108
258 352 0 82
258 371 0 111
258 395 0 113
258 399 0 88
258 400 0 101
258 402 0 93
258 412 0 86
258 416 0 103
258 417 0 120
258 427 0 128
258 454 0 97
258 459 0 92
258 479 0 108
258 485 0 117
258 494 0 83
259 315 0 103
259 348 0 75
259 354 0 81
259 357 0 112
259 374 0 90
259 391 0 80
259 394 0 127
259 445 0 101
259 455 0 86
259 459 0 85
259 466 0 114
259 487 0 79
260 316 0 83
260 339 0 79
260 357 0 95
260 363 0 76
260 409 0 90
260 418 0 105
260 422 0 90
260 435 0 73
260 459 0 88
260 467 0 85
260 477 0 98
261 320 0 73
261 326 0 80
261 399 0 58
261 401 0 80
261 414 0 95
261 424 0 76
261 441 0 67
261 448 0 71
261 471 0 76
261 473 0 59
261 485 0 84
261 487 0 71
262 321 0 82
262 326 0 59
262 336 0 68
262 355 0 51
262 356 0 70
262 390 0 85
262 393 0 84
262 401 0 67
262 406 0 77
262 407 0 78
262 417 0 80
262 423 0 63
262 432 0 45
262 439 0 73
263 315 0 72
263 322 0 79
263 331 0 66
263 344 0 77
263 354 0 73
263 367 0 88
263 373 0 73
263 377 0 93
263 379 0 73
263 381 0 73
263 391 0 75
263 399 0 71
263 419 0 66
263 457 0 76
263 467 0 76
263 471 0 76
264 312 0 70
264 328 0 82
264 329 0 78
264 347 0 89
264 366 0 77
264 373 0 91
264 375 0 107
264 378 0 76
264 406 0 96
264 409 0 115
264 412 0 78
264 445 0 105
264 485 0 105
265 301 0 54
265 307 0 66
265 325 0 76
265 364 0 54
265 400 0 64
265 403 0 60
265 413 0 69
265 427 0 91
265 443 0 78
265 445 0 78
265 452 0 85
265 484 0 84
265 486 0 74
265 491 0 70
265 496 0 58
266 308 0 64
266 327 0 78
266 328 0 73
266 356 0 79
266 365 0 76
266 367 0 96
266 387 0 84
266 388 0 82
266 403 0 79
266 407 0 78
266 408 0 82
266 422 0 85
266 435 0 80
266 438 0 70
266 455 0 81
266 472 0 64
266 481 0 77
266 492 0 77
267 311 0 79
267 325 0 97
267 329 0 83
267 330 0 87
267 371 0 81
267 374 0 101
267 386 0 115
267 397 0 95
267 412 0 81
267 425 0 126
267 429 0 110
267 437 0 77
267 442 0 125
267 470 0 119
267 487 0 71
267 495 0 99
268 368 0 82
268 406 0 76
268 419 0 78
268 424 0 83
268 428 0 96
268 457 0 86
268 490 0 74
268 500 0 92
269 333 0 61
269 350 0 85
269 355 0 77
269 360 0 99
269 382 0 121
269 387 0 102
269 450 0 120
269 464 0 101
269 473 0 72
269 484 0 110
269 493 0 94
270 309 0 79
270 314 0 70
270 320 0 86
270 341 0 69
270 365 0 74
270 391 0 90
270 420 0 106
270 432 0 58
270 446 0 85
270 448 0 83
270 459 0 84
270 483 0 99
270 487 0 80
270 490 0 82
270 500 0 84
271 334 0 89
271 415 0 54
271 430 0 80
271 439 0 87
271 452 0 82
271 474 0 67
271 491 0 90
271 499 0 94
271 500 0 72
272 316 0 94
272 328 0 83
272 331 0 68
272 340 0 85
272 345 0 113
272 373 0 101
272 376 0 80
272 385 0 96
272 409 0 101
272 432 0 62
272 436 0 78
272 448 0 82
272 469 0 91
272 473 0 67
272 484 0 107
272 497 0 111
273 318 0 83
273 329 0 58
273 334 0 95
273 335 0 67
273 353 0 66
273 369 0 61
273 388 0 84
273 413 0 80
273 421 0 68
273 426 0 94
273 493 0 79
274 322 0 81
274 326 0 69
274 359 0 75
274 382 0 97
274 390 0 105
274 422 0 73
274 423 0 77
274 433 0 84
274 435 0 74
274 465 0 65
274 476 0 62
274 478 0 79
274 485 0 83
274 498 0 62
275 303 0 68
275 312 0 43
275 318 0 87
275 322 0 68
275 331 0 46
275 334 0 73
275 341 0 54
275 348 0 62
275 350 0 56
275 353 0 62
275 358 0 75
275 374 0 63
275 379 0 66
275 387 0 72
275 414 0 62
275 422 0 75
275 471 0 64
275 479 0 64
276 311 0 80
276 317 0 98
276 322 0 105
276 330 0 85
276 356 0 90
276 391 0 86
276 427 0 128
276 431 0 104
276 440 0 104
276 459 0 91
276 465 0 70
276 467 0 96
276 472 0 72
277 312 0 63
277 332 0 82
277 335 0 82
277 357 0 112
277 370 0 118
277 387 0 114
277 406 0 101
277 410 0 87
277 422 0 106
277 434 0 118
277 471 0 100
278 335 0 96
278 363 0 86
278 366 0 86
278 370 0 112
278 375 0 99
278 431 0 92
278 439 0 96
278 459 0 96
278 498 0 86
278 499 0 111
279 305 0 104
279 315 0 94
279 324 0 56
279 332 0 81
279 343 0 65
279 346 0 71
279 351 0 93
279 352 0 81
279 409 0 98
279 418 0 116
279 420 0 119
279 437 0 84
279 444 0 78
279 453 0 88
279 467 0 105
279 486 0 91
279 488 0 110
279 494 0 89
280 314 0 88
280 326 0 85
280 339 0 95
280 343 0 63
280 344 0 96
280 379 0 101
280 427 0 129
280 438 0 92
280 460 0 96
280 461 0 86
280 462 0 80
280 467 0 98
280 476 0 72
280 478 0 90
280 488 0 100
281 309 0 94
281 313 0 88
281 336 0 91
281 358 0 118
281 397 0 110
281 414 0 119
281 437 0 82
282 318 0 103
282 336 0 89
282 362 0 65
282 375 0 102
282 393 0 110
282 436 0 75
282 469 0 84
282 482 0 103
282 491 0 106
282 493 0 98
283 308 0 97
283 331 0 84
283 334 0 130
283 382 0 151
283 390 0 138
283 410 0 109
283 434 0 142
283 437 0 105
283 439 0 118
283 497 0 136
284 307 0 80
284 332 0 82
284 365 0 75
284 382 0 124
284 384 0 95
284 388 0 92
284 390 0 115
284 401 0 99
284 446 0 88
284 460 0 102
285 314 0 61
285 342 0 72
285 345 0 88
285 347 0 72
285 363 0 58
285 387 0 75
285 432 0 41
285 439 0 78
285 459 0 67
285 466 0 91
285 484 0 85
286 343 0 49
286 376 0 65
286 386 0 80
286 393 0 87
286 421 0 55
286 429 0 88
286 465 0 58
286 467 0 67
286 484 0 74
287 302 0 89
287 313 0 86
287 318 0 115
287 348 0 90
287 375 0 132
287 414 0 116
287 450 0 138
287 457 0 108
287 469 0 94
287 472 0 78
287 488 0 111
288 305 0 86
288 306 0 83
288 318 0 87
288 323 0 95
288 324 0 48
288 342 0 87
288 362 0 62
288 418 0 101
288 434 0 108
288 444 0 76
288 490 0 86
289 302 0 75
289 313 0 69
289 317 0 93
289 321 0 105
289 342 0 96
289 372 0 89
289 412 0 76
289 419 0 84
290 320 0 102
290 334 0 127
290 348 0 89
290 351 0 103
290 353 0 98
290 360 0 104
290 403 0 103
290 404 0 92
290 413 0 102
290 457 0 124
290 471 0 118
290 491 0 121
291 301 0 62
291 310 0 74
291 321 0 107
291 329 0 76
291 330 0 83
291 376 0 69
291 404 0 72
291 407 0 93
291 418 0 100
291 431 0 87
291 439 0 96
291 448 0 95
291 458 0 73
291 489 0 76
291 494 0 71
292 359 0 102
292 361 0 126
292 373 0 120
292 388 0 115
292 403 0 101
292 415 0 87
292 433 0 121
292 443 0 112
292 460 0 118
292 462 0 97
292 479 0 119
292 483 0 140
293 308 0 76
293 312 0 63
293 358 0 86
293 366 0 75
293 412 0 74
293 416 0 79
293 421 0 75
293 432 0 58
293 454 0 73
293 467 0 83
293 477 0 106
294 309 0 68
294 319 0 75
294 337 0 76
294 339 0 66
294 340 0 66
294 357 0 86
294 421 0 63
294 470 0 91
294 472 0 50
294 483 0 84
294 487 0 70
294 495 0 73
295 305 0 59
295 316 0 57
295 327 0 61
295 334 0 68
295 351 0 62
295 370 0 71
295 380 0 50
295 392 0 58
295 436 0 48
295 446 0 56
295 447 0 59
295 462 0 46
296 305 0 98
296 307 0 91
296 314 0 73
296 316 0 86
296 334 0 102
296 377 0 118
296 381 0 90
296 382 0 108
296 392 0 94
296 402 0 78
296 406 0 99
296 497 0 96
297 327 0 103
297 358 0 105
297 373 0 100
297 380 0 83
297 392 0 111
297 409 0 116
297 442 0 125
297 463 0 78
297 498 0 99
298 304 0 81
298 318 0 88
298 391 0 77
298 398 0 93
298 404 0 62
298 406 0 89
298 416 0 84
298 450 0 94
298 456 0 83
298 460 0 80
298 469 0 81
298 485 0 87
298 496 0 83
299 303 0 90
299 325 0 97
299 335 0 85
299 338 0 117
299 343 0 61
299 349 0 91
299 379 0 92
299 397 0 87
299 398 0 98
299 403 0 89
299 410 0 97
299 447 0 112
300 311 0 73
300 312 0 60
300 325 0 93
300 331 0 62
300 351 0 86
300 377 0 115
300 382 0 113
300 402 0 68
300 404 0 61
300 405 0 84
300 424 0 75
300 426 0 85
300 439 0 102
300 441 0 88
300 452 0 96
300 477 0 99
300 481 0 96
300 485 0 84
300 491 0 85
300 492 0 77
