1 1 1 0
2 2 1 0
3 3 1 0
4 4 1 0
5 5 1 0
6 6 1 0
7 7 1 0
8 8 1 0
9 9 1 0
10 10 1 0
11 11 1 0
12 12 1 0
13 13 1 0
14 14 1 0
15 15 1 0
16 16 1 0
17 17 1 0
18 18 1 0
19 19 1 0
20 20 1 0
21 21 1 0
22 22 1 0
23 23 1 0
24 24 1 0
25 25 1 0
26 26 1 0
27 27 1 0
28 28 1 0
29 29 1 0
30 30 1 0
31 31 1 0
32 32 1 0
33 33 1 0
34 34 1 0
35 35 1 0
36 36 1 0
37 37 1 0
38 38 1 0
39 39 1 0
40 40 1 0
41 41 1 0
42 42 1 0
43 43 1 0
44 44 1 0
45 45 1 0
46 46 1 0
47 47 1 0
48 48 1 0
49 49 1 0
50 50 1 0
51 51 1 0
52 52 1 0
53 53 1 0
54 54 1 0
55 55 1 0
56 56 1 0
57 57 1 0
58 58 1 0
59 59 1 0
60 60 1 0
61 61 1 0
62 62 1 0
63 63 1 0
64 64 1 0
65 65 1 0
66 66 1 0
67 67 1 0
68 68 1 0
69 69 1 0
70 70 1 0
71 71 1 0
72 72 1 0
73 73 1 0
74 74 1 0
75 75 1 0
76 76 1 0
77 77 1 0
78 78 1 0
79 79 1 0
80 80 1 0
81 81 1 0
82 82 1 0
83 83 1 0
84 84 1 0
85 85 1 0
86 86 1 0
87 87 1 0
88 88 1 0
89 89 1 0
90 90 1 0
91 91 1 0
92 92 1 0
93 93 1 0
94 94 1 0
95 95 1 0
96 96 1 0
97 97 1 0
98 98 1 0
99 99 1 0
100 100 1 0
101 101 1 0
102 102 1 0
103 103 1 0
104 104 1 0
105 105 1 0
106 106 1 0
107 107 1 0
108 108 1 0
109 109 1 0
110 110 1 0
111 111 1 0
112 112 1 0
113 113 1 0
114 114 1 0
115 115 1 0
116 116 1 0
117 117 1 0
118 118 1 0
119 119 1 0
120 120 1 0
121 121 1 0
122 122 1 0
123 123 1 0
124 124 1 0
125 125 1 0
126 126 1 0
127 127 1 0
128 128 1 0
1 65 0 83
1 78 0 85
1 83 0 105
1 86 0 125
1 91 0 93
1 92 0 91
1 96 0 124
1 103 0 72
1 105 0 121
1 119 0 100
1 125 0 80
2 67 0 70
2 72 0 90
2 105 0 89
2 117 0 103
2 122 0 83
3 68 0 85
3 91 0 86
3 101 0 87
3 114 0 98
3 125 0 67
4 105 0 114
4 106 0 115
4 113 0 89
4 115 0 88
4 125 0 72
5 65 0 78
5 80 0 87
5 82 0 94
5 85 0 112
5 96 0 107
5 98 0 101
5 100 0 71
5 105 0 103
5 128 0 113
6 89 0 106
6 114 0 129
6 121 0 148
7 65 0 78
7 66 0 99
7 78 0 89
7 80 0 88
7 81 0 78
7 85 0 114
7 90 0 110
7 91 0 85
7 95 0 84
7 104 0 90
7 107 0 102
7 117 0 117
8 78 0 54
8 100 0 49
8 107 0 55
9 70 0 85
9 93 0 117
9 94 0 85
9 98 0 105
9 101 0 104
9 125 0 64
9 126 0 124
9 127 0 76
10 74 0 101
10 85 0 110
10 86 0 115
10 89 0 106
10 95 0 65
10 111 0 75
10 113 0 80
11 69 0 62
11 77 0 68
11 88 0 87
11 91 0 74
11 124 0 82
12 69 0 53
12 71 0 54
12 79 0 70
12 80 0 51
12 94 0 51
12 113 0 42
12 119 0 46
12 124 0 67
13 65 0 75
13 73 0 89
13 82 0 100
13 83 0 101
13 86 0 109
13 105 0 111
14 71 0 106
14 77 0 100
14 94 0 101
14 115 0 86
15 68 0 86
15 78 0 89
15 96 0 120
15 126 0 130
16 70 0 77
16 78 0 79
16 100 0 68
16 110 0 73
16 113 0 70
16 124 0 92
17 73 0 72
17 85 0 93
17 107 0 92
17 109 0 80
17 111 0 66
17 115 0 65
17 119 0 79
18 65 0 63
18 67 0 73
18 87 0 87
18 97 0 102
19 97 0 108
19 101 0 93
19 115 0 76
19 121 0 124
20 66 0 93
20 72 0 92
20 77 0 96
20 80 0 77
20 89 0 94
20 96 0 98
20 114 0 96
20 116 0 120
21 80 0 70
21 105 0 91
21 106 0 102
21 119 0 83
21 126 0 116
22 74 0 91
22 93 0 115
22 98 0 85
22 116 0 107
22 126 0 104
23 65 0 76
23 67 0 66
23 71 0 90
23 79 0 106
23 94 0 88
23 97 0 95
23 98 0 102
23 114 0 107
24 67 0 75
24 71 0 81
24 75 0 97
24 77 0 91
24 89 0 87
24 101 0 86
24 116 0 107
25 70 0 81
25 75 0 98
25 80 0 72
25 83 0 92
26 66 0 75
26 72 0 91
26 82 0 89
26 91 0 69
26 98 0 82
26 121 0 111
26 123 0 95
27 74 0 86
27 77 0 84
27 87 0 86
27 90 0 99
27 97 0 92
27 112 0 104
27 124 0 92
28 68 0 80
28 72 0 114
28 91 0 97
28 101 0 109
28 114 0 121
28 127 0 75
29 72 0 88
29 97 0 81
29 98 0 86
29 99 0 74
29 108 0 78
29 118 0 78
30 67 0 39
30 73 0 48
30 93 0 79
30 104 0 54
30 107 0 64
30 117 0 78
31 70 0 76
31 79 0 82
31 80 0 73
31 83 0 81
31 85 0 93
31 98 0 87
31 99 0 68
31 102 0 83
31 113 0 68
31 122 0 96
31 127 0 53
32 65 0 94
32 84 0 136
32 90 0 119
32 114 0 134
33 90 0 88
33 94 0 93
33 100 0 67
33 103 0 76
33 113 0 64
33 127 0 71
34 75 0 76
34 88 0 120
34 105 0 95
34 122 0 100
34 124 0 103
34 126 0 108
34 128 0 115
35 68 0 103
35 101 0 130
35 125 0 90
35 128 0 154
36 75 0 94
36 92 0 88
36 95 0 71
36 97 0 93
36 103 0 65
36 108 0 93
36 113 0 71
36 117 0 99
36 122 0 108
36 124 0 90
37 102 0 88
37 105 0 92
37 122 0 105
37 123 0 103
37 128 0 111
38 71 0 64
38 73 0 56
38 76 0 69
38 88 0 86
38 98 0 61
38 103 0 58
38 116 0 92
39 68 0 80
39 73 0 79
39 81 0 74
39 97 0 99
39 107 0 92
40 65 0 75
40 73 0 76
40 83 0 83
40 84 0 111
40 105 0 104
40 119 0 87
40 127 0 89
41 68 0 75
41 69 0 77
41 78 0 82
41 93 0 107
41 103 0 62
41 105 0 94
41 115 0 68
42 86 0 141
42 97 0 137
42 99 0 103
42 102 0 117
42 127 0 101
43 66 0 96
43 72 0 95
43 76 0 87
43 81 0 66
43 86 0 107
43 106 0 95
43 124 0 102
44 72 0 95
44 73 0 78
44 93 0 117
44 94 0 89
44 98 0 99
44 102 0 87
44 104 0 85
44 113 0 80
45 77 0 102
45 100 0 75
45 107 0 88
46 70 0 110
46 89 0 109
46 101 0 125
46 105 0 128
47 71 0 97
47 74 0 113
47 79 0 107
47 108 0 101
47 111 0 76
47 112 0 132
47 115 0 77
47 123 0 119
48 106 0 59
48 113 0 45
49 119 0 68
50 70 0 75
50 79 0 97
50 93 0 119
50 96 0 100
50 108 0 93
50 109 0 80
50 115 0 68
50 123 0 107
50 125 0 64
50 126 0 118
51 80 0 92
51 114 0 115
51 115 0 92
52 85 0 110
52 86 0 85
52 104 0 72
53 68 0 62
53 93 0 93
53 96 0 81
53 97 0 71
53 99 0 81
54 70 0 86
54 76 0 96
54 86 0 108
54 87 0 96
54 112 0 112
55 76 0 86
55 110 0 68
55 116 0 89
55 117 0 89
56 76 0 76
56 87 0 81
56 112 0 96
57 67 0 84
57 77 0 110
57 92 0 114
57 94 0 101
57 104 0 98
57 105 0 124
57 108 0 116
57 115 0 92
57 126 0 146
58 77 0 77
58 95 0 58
58 97 0 81
58 101 0 77
58 104 0 69
58 119 0 64
58 124 0 85
58 127 0 65
59 67 0 64
59 73 0 72
59 89 0 91
59 106 0 93
59 122 0 75
59 127 0 70
60 78 0 81
60 87 0 93
60 91 0 86
60 92 0 85
60 97 0 95
60 105 0 100
61 65 0 74
61 71 0 82
61 75 0 76
61 90 0 92
61 95 0 65
62 72 0 125
62 74 0 117
62 82 0 119
62 90 0 136
62 100 0 100
62 102 0 109
62 103 0 88
62 108 0 120
62 109 0 103
63 68 0 88
63 74 0 102
63 77 0 99
63 80 0 94
63 84 0 116
63 88 0 123
63 124 0 109
64 66 0 89
64 80 0 68
64 91 0 74
64 96 0 95
64 115 0 69
