1 1 1
2 2 1
3 3 1
4 4 1
5 5 1
6 6 1
7 7 1
8 8 1
9 9 1
10 10 1
11 11 1
12 12 1
13 13 1
14 14 1
15 15 1
16 16 1
17 17 1
18 18 1
19 19 1
20 20 1
21 21 1
22 22 1
23 23 1
24 24 1
25 25 1
26 26 1
27 27 1
28 28 1
29 29 1
30 30 1
31 31 1
32 32 1
33 33 1
34 34 1
35 35 1
36 36 1
37 37 1
38 38 1
39 39 1
40 40 1
41 41 1
42 42 1
43 43 1
44 44 1
45 45 1
46 46 1
47 47 1
48 48 1
49 49 1
50 50 1
2 18 0
38 7 0
43 16 0
38 37 0
23 31 0
14 33 0
31 30 0
29 49 0
48 41 0
35 31 0
48 14 0
5 2 0
4 35 0
37 48 0
48 31 0
16 50 0
50 3 0
6 42 0
20 45 0
31 42 0
25 44 0
26 7 0
25 5 0
5 22 0
47 42 0
5 44 0
5 9 0
47 10 0
45 36 0
9 42 0
16 24 0
41 15 0
29 48 0
8 48 0
42 38 0
42 18 0
34 19 0
24 8 0
25 31 0
32 22 0
22 36 0
17 28 0
44 16 0
38 40 0
1 46 0
31 18 0
22 24 0
34 50 0
21 41 0
49 15 0
32 14 0
11 8 0
23 35 0
38 4 0
8 11 0
41 27 0
40 36 0
42 27 0
25 6 0
11 46 0
31 44 0
45 1 0
36 43 0
17 16 0
37 49 0
31 47 0
8 4 0
9 41 0
7 50 0
17 46 0
35 8 0
25 10 0
3 49 0
17 13 0
44 47 0
8 40 0
49 43 0
32 16 0
11 18 0
16 41 0
16 23 0
46 49 0
21 5 0
39 27 0
4 5 0
24 40 0
14 50 0
49 18 0
48 17 0
32 43 0
13 39 0
33 16 0
29 45 0
35 46 0
36 3 0
20 33 0
1 40 0
37 39 0
18 42 0
45 43 0
34 10 0
43 34 0
27 42 0
1 8 0
35 15 0
48 18 0
28 30 0
25 22 0
3 12 0
46 24 0
13 33 0
14 32 0
26 8 0
25 9 0
19 17 0
43 45 0
8 45 0
2 44 0
9 1 0
14 39 0
32 50 0
46 6 0
21 1 0
19 44 0
24 15 0
17 39 0
49 32 0
20 26 0
39 44 0
37 7 0
12 31 0
3 22 0
17 35 0
6 30 0
23 38 0
30 19 0
45 2 0
21 16 0
46 44 0
32 30 0
46 4 0
7 36 0
45 11 0
25 47 0
32 49 0
3 48 0
36 10 0
30 8 0
47 11 0
28 44 0
12 48 0
42 40 0
23 25 0
21 18 0
30 27 0
5 29 0
22 49 0
39 46 0
46 22 0
47 50 0
21 32 0
9 50 0
41 8 0
12 19 0
1 24 0
18 9 0
32 11 0
50 6 0
38 20 0
25 17 0
48 30 0
45 19 0
28 35 0
17 25 0
6 15 0
24 27 0
48 33 0
28 38 0
8 42 0
13 28 0
50 46 0
38 49 0
4 25 0
20 28 0
42 17 0
9 38 0
23 4 0
13 30 0
18 37 0
6 17 0
21 36 0
4 12 0
25 14 0
3 39 0
41 4 0
36 28 0
4 39 0
5 23 0
19 46 0
35 28 0
15 9 0
31 28 0
39 50 0
16 46 0
16 36 0
31 22 0
49 5 0
37 1 0
43 27 0
6 29 0
6 9 0
19 10 0
31 37 0
7 21 0
14 42 0
49 30 0
2 31 0
7 40 0
33 22 0
36 50 0
9 16 0
23 7 0
21 9 0
9 15 0
37 14 0
24 16 0
4 6 0
2 11 0
27 17 0
4 27 0
47 5 0
9 3 0
47 43 0
27 32 0
43 35 0
44 21 0
26 2 0
36 12 0
18 32 0
4 41 0
47 8 0
47 1 0
20 25 0
3 13 0
31 11 0
18 27 0
6 46 0
10 48 0
30 9 0
14 23 0
29 39 0
27 14 0
1 44 0
48 6 0
34 44 0
15 30 0
44 34 0
6 13 0
10 8 0
27 41 0
21 44 0
19 26 0
41 29 0
25 21 0
37 38 0
45 15 0
29 21 0
31 29 0
16 28 0
23 1 0
31 19 0
34 37 0
31 46 0
46 7 0
36 16 0
3 6 0
34 17 0
15 20 0
7 12 0
37 35 0
13 50 0
44 48 0
36 34 0
19 16 0
29 15 0
25 16 0
32 27 0
21 25 0
21 7 0
43 36 0
26 49 0
47 12 0
33 32 0
30 47 0
31 25 0
47 31 0
43 46 0
12 28 0
31 32 0
46 9 0
46 20 0
26 28 0
48 49 0
4 18 0
5 46 0
5 32 0
47 3 0
46 29 0
35 25 0
28 15 0
50 24 0
48 44 0
21 11 0
21 2 0
12 38 0
17 36 0
38 22 0
4 44 0
17 8 0
25 13 0
13 22 0
47 21 0
13 48 0
46 10 0
20 13 0
17 12 0
33 29 0
1 21 0
18 17 0
38 10 0
19 24 0
21 31 0
46 14 0
29 44 0
36 42 0
43 31 0
1 35 0
48 21 0
49 17 0
34 31 0
47 34 0
2 14 0
50 8 0
20 39 0
46 39 0
22 41 0
31 50 0
34 16 0
41 28 0
48 42 0
14 46 0
14 13 0
12 47 0
45 10 0
30 48 0
7 44 0
14 16 0
16 7 0
36 33 0
13 29 0
24 33 0
40 37 0
31 35 0
32 20 0
42 39 0
15 12 0
15 28 0
29 30 0
37 12 0
18 36 0
26 4 0
18 7 0
35 1 0
35 47 0
33 47 0
26 15 0
16 17 0
5 31 0
30 21 0
3 46 0
5 4 0
32 39 0
6 41 0
40 50 0
6 22 0
46 31 0
38 13 0
49 42 0
45 28 0
15 5 0
38 17 0
50 9 0
5 11 0
33 9 0
16 14 0
49 24 0
7 2 0
15 46 0
17 48 0
3 5 0
12 2 0
48 7 0
31 14 0
13 18 0
30 14 0
26 18 0
46 30 0
30 28 0
40 45 0
44 41 0
18 2 0
42 33 0
47 44 0
5 13 0
43 7 0
19 4 0
10 19 0
12 41 0
32 24 0
10 14 0
38 36 0
17 10 0
13 9 0
6 8 0
49 26 0
10 5 0
35 14 0
19 29 0
22 40 0
32 34 0
8 44 0
26 41 0
19 35 0
20 34 0
41 37 0
45 5 0
14 45 0
26 22 0
36 35 0
28 22 0
50 48 0
50 23 0
37 33 0
26 31 0
37 47 0
16 40 0
2 37 0
26 44 0
23 22 0
50 17 0
22 13 0
13 49 0
36 48 0
13 20 0
9 49 0
3 14 0
47 30 0
47 35 0
26 14 0
24 30 0
50 1 0
25 23 0
23 27 0
41 46 0
47 27 0
3 33 0
41 24 0
19 3 0
4 47 0
42 2 0
27 40 0
36 4 0
3 11 0
33 3 0
12 10 0
25 36 0
36 17 0
33 26 0
20 31 0
48 34 0
12 4 0
39 3 0
5 17 0
43 40 0
20 47 0
1 5 0
49 14 0
16 25 0
28 13 0
16 32 0
37 31 0
26 36 0
14 26 0
28 25 0
30 18 0
29 34 0
34 23 0
24 5 0
39 26 0
45 39 0
28 36 0
23 6 0
50 38 0
18 14 0
39 1 0
7 18 0
18 38 0
4 3 0
10 29 0
8 31 0
4 20 0
46 45 0
32 6 0
30 31 0
46 16 0
19 15 0
48 20 0
47 6 0
37 17 0
43 42 0
19 5 0
50 35 0
18 45 0
29 1 0
43 6 0
16 13 0
7 19 0
14 6 0
25 2 0
22 19 0
44 42 0
23 15 0
22 8 0
40 21 0
44 9 0
15 23 0
12 35 0
34 22 0
35 26 0
27 1 0
2 41 0
9 10 0
17 32 0
25 38 0
41 16 0
8 34 0
8 37 0
10 42 0
19 36 0
47 9 0
34 43 0
6 50 0
40 20 0
30 50 0
31 6 0
37 23 0
21 46 0
7 46 0
19 14 0
33 28 0
7 42 0
24 28 0
28 20 0
36 11 0
14 43 0
2 1 0
41 35 0
50 20 0
36 31 0
5 47 0
19 11 0
42 37 0
27 26 0
16 35 0
7 27 0
40 18 0
6 12 0
35 4 0
28 3 0
16 22 0
41 44 0
49 9 0
29 16 0
2 40 0
39 22 0
40 31 0
39 37 0
23 8 0
27 33 0
15 27 0
32 44 0
4 48 0
17 47 0
43 15 0
33 8 0
13 46 0
23 3 0
18 15 0
3 8 0
9 46 0
9 23 0
22 23 0
24 4 0
18 30 0
3 34 0
28 45 0
50 36 0
43 32 0
28 17 0
34 47 0
6 33 0
10 36 0
20 18 0
42 34 0
15 49 0
46 42 0
45 46 0
27 21 0
45 6 0
1 10 0
2 28 0
36 13 0
15 6 0
31 24 0
9 45 0
35 23 0
45 30 0
27 44 0
14 1 0
33 13 0
24 25 0
12 9 0
38 26 0
16 20 0
10 31 0
35 6 0
47 39 0
44 3 0
42 9 0
5 3 0
11 38 0
15 34 0
11 36 0
48 50 0
11 16 0
21 14 0
24 41 0
48 8 0
9 44 0
50 2 0
11 3 0
46 23 0
40 12 0
9 13 0
20 9 0
15 42 0
22 46 0
8 47 0
36 5 0
16 15 0
27 16 0
9 28 0
26 6 0
1 17 0
17 11 0
31 27 0
43 11 0
7 13 0
1 22 0
27 29 0
22 32 0
2 24 0
49 20 0
38 16 0
19 43 0
42 13 0
5 25 0
12 11 0
43 20 0
25 43 0
42 3 0
24 32 0
47 28 0
31 20 0
9 34 0
45 7 0
4 30 0
36 41 0
50 15 0
38 41 0
15 40 0
4 9 0
2 3 0
33 27 0
4 16 0
50 12 0
21 3 0
27 8 0
45 23 0
1 45 0
39 38 0
31 2 0
9 35 0
12 20 0
24 47 0
39 9 0
25 29 0
8 24 0
25 30 0
26 1 0
37 22 0
26 40 0
29 3 0
35 10 0
6 43 0
44 17 0
14 8 0
32 37 0
4 22 0
45 31 0
16 21 0
10 23 0
44 36 0
2 21 0
43 13 0
31 8 0
31 10 0
10 15 0
34 20 0
21 15 0
36 2 0
27 18 0
1 30 0
39 40 0
5 50 0
40 35 0
11 2 0
49 29 0
42 1 0
28 14 0
38 5 0
38 44 0
9 36 0
30 11 0
2 36 0
2 6 0
38 43 0
40 48 0
44 38 0
29 14 0
7 23 0
39 45 0
16 47 0
8 26 0
38 47 0
8 39 0
4 34 0
17 49 0
12 21 0
18 28 0
25 50 0
44 4 0
24 46 0
16 49 0
12 17 0
16 38 0
30 16 0
45 12 0
2 20 0
15 48 0
28 29 0
2 12 0
12 43 0
41 33 0
2 48 0
47 15 0
17 14 0
27 31 0
1 47 0
9 32 0
29 46 0
5 16 0
28 2 0
15 41 0
23 47 0
13 23 0
8 13 0
7 20 0
46 34 0
20 1 0
49 21 0
4 29 0
24 18 0
19 20 0
18 33 0
14 31 0
45 16 0
15 39 0
26 24 0
14 35 0
9 40 0
5 28 0
40 3 0
48 43 0
13 2 0
41 39 0
45 8 0
40 29 0
10 34 0
44 24 0
49 40 0
6 45 0
34 14 0
41 26 0
17 40 0
20 49 0
11 32 0
13 44 0
6 2 0
24 17 0
42 14 0
41 40 0
34 12 0
13 19 0
26 5 0
44 14 0
44 7 0
47 46 0
11 21 0
43 23 0
14 48 0
11 5 0
50 31 0
44 12 0
50 19 0
14 11 0
19 7 0
5 30 0
27 47 0
2 42 0
33 12 0
17 23 0
45 14 0
45 49 0
39 2 0
42 7 0
36 38 0
46 40 0
6 14 0
39 43 0
2 35 0
41 11 0
38 24 0
43 26 0
33 36 0
35 20 0
25 33 0
9 5 0
22 33 0
43 30 0
8 30 0
36 47 0
22 39 0
31 12 0
1 11 0
23 39 0
14 10 0
18 21 0
21 26 0
27 49 0
5 49 0
30 39 0
35 50 0
5 15 0
27 36 0
9 19 0
47 26 0
41 17 0
3 18 0
15 10 0
18 48 0
36 49 0
36 19 0
28 39 0
47 36 0
21 43 0
13 14 0
11 17 0
28 50 0
21 10 0
28 18 0
20 12 0
34 49 0
26 50 0
49 36 0
17 33 0
48 2 0
40 30 0
9 18 0
21 33 0
41 9 0
25 26 0
45 50 0
26 45 0
39 11 0
41 20 0
48 19 0
3 10 0
3 4 0
7 30 0
29 6 0
48 16 0
1 27 0
39 8 0
38 18 0
32 41 0
27 43 0
39 31 0
10 26 0
46 41 0
34 45 0
6 34 0
27 9 0
34 39 0
41 31 0
50 42 0
9 43 0
28 37 0
37 16 0
19 32 0
10 7 0
3 28 0
20 16 0
9 39 0
34 36 0
1 25 0
3 32 0
44 29 0
8 14 0
46 37 0
33 4 0
25 41 0
24 10 0
26 30 0
4 33 0
35 49 0
30 33 0
45 18 0
12 36 0
46 36 0
28 19 0
48 5 0
48 27 0
32 3 0
11 24 0
5 20 0
3 20 0
19 50 0
45 22 0
42 6 0
9 37 0
41 36 0
40 6 0
9 26 0
46 21 0
1 2 0
22 4 0
32 26 0
23 2 0
26 17 0
23 17 0
20 22 0
33 30 0
12 18 0
