1 1 1
2 2 1
3 3 1
4 4 1
5 5 1
6 6 1
7 7 1
8 8 1
9 9 1
10 10 1
11 11 1
12 12 1
13 13 1
14 14 1
15 15 1
16 16 1
17 17 1
18 18 1
19 19 1
20 20 1
21 21 1
22 22 1
23 23 1
24 24 1
25 25 1
26 26 1
27 27 1
28 28 1
29 29 1
30 30 1
31 31 1
32 32 1
33 33 1
34 34 1
35 35 1
36 36 1
37 37 1
38 38 1
39 39 1
40 40 1
41 41 1
42 42 1
43 43 1
44 44 1
45 45 1
46 46 1
47 47 1
48 48 1
49 49 1
50 50 1
51 51 1
52 52 1
53 53 1
54 54 1
55 55 1
56 56 1
57 57 1
58 58 1
59 59 1
60 60 1
61 61 1
62 62 1
63 63 1
64 64 1
65 65 1
66 66 1
67 67 1
68 68 1
69 69 1
70 70 1
71 71 1
72 72 1
73 73 1
74 74 1
75 75 1
76 76 1
77 77 1
78 78 1
79 79 1
80 80 1
81 81 1
82 82 1
83 83 1
84 84 1
85 85 1
86 86 1
87 87 1
88 88 1
89 89 1
90 90 1
91 91 1
92 92 1
93 93 1
94 94 1
95 95 1
96 96 1
97 97 1
98 98 1
99 99 1
100 100 1
65 2 0
48 2 0
41 92 0
16 22 0
68 58 0
68 91 0
86 16 0
69 53 0
59 96 0
2 84 0
84 13 0
31 84 0
58 95 0
46 50 0
58 34 0
9 74 0
87 56 0
75 28 0
99 42 0
49 19 0
51 69 0
61 88 0
84 82 0
40 94 0
77 94 0
29 61 0
6 60 0
96 63 0
54 41 0
12 63 0
74 72 0
36 60 0
27 62 0
39 78 0
55 40 0
48 6 0
60 8 0
93 43 0
89 85 0
88 18 0
78 17 0
30 83 0
76 25 0
45 81 0
65 9 0
43 90 0
80 30 0
1 59 0
43 40 0
88 97 0
31 35 0
54 90 0
94 47 0
84 35 0
83 71 0
52 60 0
87 81 0
94 62 0
5 38 0
42 21 0
98 36 0
10 78 0
17 10 0
88 59 0
1 75 0
8 31 0
20 54 0
59 3 0
88 41 0
26 39 0
100 12 0
19 45 0
26 75 0
83 19 0
95 32 0
55 4 0
9 71 0
66 96 0
82 66 0
22 89 0
97 82 0
1 68 0
52 48 0
14 4 0
59 84 0
48 36 0
59 82 0
55 53 0
14 9 0
9 22 0
31 26 0
70 64 0
4 87 0
25 5 0
7 60 0
16 29 0
34 67 0
76 47 0
70 86 0
83 70 0
22 41 0
51 76 0
45 64 0
36 5 0
38 66 0
30 7 0
82 21 0
49 85 0
59 73 0
89 65 0
84 4 0
93 70 0
23 20 0
16 44 0
6 98 0
13 27 0
90 64 0
54 87 0
27 89 0
91 64 0
6 21 0
22 87 0
93 71 0
72 3 0
95 12 0
20 31 0
16 64 0
100 90 0
84 67 0
33 41 0
17 46 0
19 6 0
9 72 0
92 35 0
60 35 0
51 65 0
7 72 0
4 99 0
94 75 0
53 41 0
86 72 0
71 53 0
88 22 0
42 71 0
88 75 0
63 56 0
20 81 0
62 80 0
52 5 0
14 63 0
91 16 0
27 97 0
88 30 0
47 33 0
56 100 0
73 42 0
23 95 0
94 10 0
16 88 0
32 56 0
62 94 0
11 33 0
26 24 0
12 77 0
81 77 0
39 71 0
93 18 0
68 32 0
99 66 0
64 55 0
65 37 0
48 40 0
83 41 0
1 51 0
80 33 0
6 41 0
78 16 0
25 4 0
40 88 0
32 72 0
65 71 0
42 57 0
40 61 0
88 38 0
79 3 0
92 95 0
91 39 0
34 74 0
32 35 0
24 11 0
19 29 0
4 48 0
96 80 0
3 87 0
68 35 0
58 32 0
57 52 0
40 96 0
64 79 0
85 42 0
37 72 0
67 70 0
97 50 0
56 72 0
13 26 0
100 16 0
74 47 0
47 76 0
86 14 0
62 43 0
45 18 0
46 36 0
65 10 0
14 2 0
3 95 0
78 39 0
18 96 0
61 14 0
98 68 0
85 10 0
94 36 0
77 67 0
34 23 0
94 19 0
37 8 0
14 33 0
77 59 0
69 42 0
20 82 0
43 23 0
28 72 0
61 45 0
19 73 0
10 16 0
41 46 0
25 34 0
33 53 0
52 19 0
76 97 0
37 12 0
4 50 0
44 81 0
61 12 0
74 80 0
46 68 0
2 73 0
91 15 0
70 61 0
87 79 0
29 27 0
77 5 0
60 61 0
58 63 0
79 33 0
60 16 0
96 15 0
17 39 0
47 77 0
3 72 0
57 48 0
39 10 0
24 41 0
94 11 0
72 22 0
37 48 0
26 49 0
60 83 0
11 39 0
67 22 0
6 62 0
37 22 0
1 35 0
51 55 0
7 59 0
2 97 0
68 73 0
78 92 0
14 71 0
54 37 0
44 90 0
84 69 0
90 43 0
4 1 0
33 70 0
74 38 0
84 62 0
12 84 0
97 62 0
90 3 0
20 43 0
51 39 0
67 28 0
30 32 0
50 35 0
68 93 0
25 51 0
46 69 0
66 30 0
38 92 0
68 21 0
5 79 0
56 1 0
92 97 0
55 63 0
39 6 0
1 6 0
85 83 0
37 87 0
17 5 0
31 93 0
7 44 0
59 4 0
12 76 0
34 2 0
67 53 0
83 82 0
24 74 0
78 31 0
88 17 0
70 10 0
10 39 0
66 41 0
31 25 0
36 41 0
80 100 0
17 13 0
1 83 0
17 26 0
6 99 0
7 82 0
24 85 0
12 11 0
53 99 0
99 26 0
70 20 0
87 32 0
10 5 0
72 93 0
29 7 0
33 8 0
6 49 0
73 58 0
84 89 0
84 41 0
40 90 0
22 63 0
26 33 0
26 30 0
31 76 0
47 94 0
84 57 0
98 7 0
1 78 0
13 33 0
37 19 0
34 9 0
28 17 0
50 11 0
57 89 0
53 79 0
3 78 0
63 80 0
60 94 0
55 14 0
98 2 0
59 33 0
10 8 0
85 51 0
42 22 0
21 75 0
82 49 0
43 83 0
11 52 0
23 63 0
82 26 0
93 44 0
5 52 0
89 12 0
17 86 0
13 28 0
70 22 0
35 8 0
83 20 0
11 24 0
93 83 0
51 26 0
31 45 0
9 94 0
96 31 0
8 77 0
8 52 0
21 65 0
55 61 0
76 24 0
99 40 0
51 68 0
13 85 0
76 95 0
56 38 0
70 100 0
26 3 0
65 86 0
96 12 0
68 3 0
89 76 0
7 61 0
92 61 0
21 19 0
84 19 0
39 70 0
71 66 0
64 26 0
3 85 0
78 22 0
5 55 0
24 21 0
40 71 0
32 59 0
26 20 0
34 32 0
32 77 0
44 53 0
95 28 0
23 4 0
13 61 0
73 83 0
26 88 0
61 28 0
73 90 0
2 29 0
44 77 0
49 35 0
48 32 0
93 25 0
4 79 0
56 35 0
55 51 0
87 2 0
78 10 0
5 43 0
22 78 0
77 48 0
17 37 0
75 41 0
78 76 0
69 21 0
53 69 0
55 52 0
53 100 0
76 56 0
78 83 0
90 32 0
33 29 0
85 63 0
5 11 0
19 81 0
58 35 0
70 85 0
60 96 0
20 64 0
67 69 0
25 42 0
24 2 0
76 65 0
86 9 0
23 34 0
59 27 0
45 77 0
59 54 0
64 28 0
38 91 0
27 98 0
38 46 0
13 54 0
71 80 0
74 48 0
73 49 0
66 86 0
9 10 0
44 18 0
57 88 0
47 67 0
41 10 0
47 31 0
52 73 0
80 89 0
70 92 0
95 92 0
91 96 0
69 92 0
96 86 0
77 4 0
95 84 0
34 38 0
2 42 0
60 70 0
9 6 0
100 60 0
30 79 0
100 51 0
22 46 0
95 45 0
66 85 0
92 86 0
76 87 0
42 65 0
88 27 0
55 41 0
40 79 0
37 51 0
11 66 0
29 11 0
17 51 0
56 11 0
47 73 0
47 38 0
58 23 0
76 80 0
75 17 0
97 14 0
95 51 0
81 46 0
44 33 0
46 80 0
83 56 0
46 64 0
18 14 0
14 26 0
76 60 0
98 22 0
49 8 0
44 24 0
87 70 0
92 83 0
36 38 0
51 18 0
87 94 0
50 32 0
26 84 0
47 57 0
36 12 0
82 11 0
23 32 0
84 23 0
39 80 0
46 77 0
49 89 0
26 96 0
25 28 0
13 64 0
74 14 0
47 99 0
98 86 0
69 96 0
95 56 0
60 28 0
18 82 0
59 1 0
5 97 0
80 2 0
26 81 0
43 37 0
64 20 0
48 97 0
56 21 0
10 2 0
19 59 0
40 39 0
7 34 0
46 66 0
61 63 0
99 72 0
63 55 0
20 95 0
9 45 0
75 51 0
81 90 0
70 17 0
82 69 0
13 37 0
89 74 0
39 59 0
85 30 0
49 91 0
63 94 0
8 75 0
56 6 0
46 71 0
13 18 0
65 21 0
62 39 0
80 92 0
11 62 0
13 75 0
98 53 0
100 88 0
17 12 0
26 31 0
6 85 0
6 13 0
43 3 0
83 55 0
20 47 0
27 34 0
37 49 0
92 38 0
30 4 0
64 27 0
57 63 0
67 20 0
99 83 0
14 88 0
61 71 0
1 3 0
25 83 0
9 97 0
82 35 0
30 70 0
83 9 0
38 26 0
98 67 0
30 61 0
46 38 0
75 12 0
57 73 0
46 39 0
49 59 0
27 61 0
81 27 0
15 58 0
61 23 0
54 94 0
57 35 0
16 91 0
43 53 0
16 92 0
72 97 0
52 17 0
34 26 0
80 42 0
51 25 0
81 51 0
36 59 0
11 16 0
37 25 0
99 78 0
43 55 0
12 10 0
97 6 0
14 12 0
97 85 0
9 100 0
53 94 0
78 84 0
88 28 0
9 68 0
30 44 0
26 92 0
11 14 0
16 36 0
62 66 0
65 56 0
20 29 0
65 16 0
34 79 0
79 83 0
15 39 0
82 20 0
85 11 0
38 11 0
39 19 0
6 16 0
10 69 0
56 42 0
42 20 0
98 61 0
48 62 0
28 34 0
92 59 0
16 7 0
97 49 0
52 49 0
91 42 0
68 48 0
9 77 0
68 89 0
54 23 0
83 47 0
43 80 0
60 42 0
93 87 0
75 85 0
97 42 0
91 94 0
91 68 0
26 2 0
47 30 0
50 89 0
23 69 0
37 84 0
98 4 0
24 3 0
79 6 0
49 73 0
85 8 0
14 78 0
47 41 0
82 4 0
88 24 0
23 66 0
77 69 0
47 79 0
58 69 0
52 44 0
49 76 0
46 27 0
33 95 0
54 65 0
95 100 0
57 8 0
95 38 0
63 34 0
14 85 0
53 45 0
20 10 0
66 67 0
55 69 0
62 56 0
96 60 0
34 29 0
46 59 0
49 92 0
11 5 0
51 5 0
94 13 0
38 59 0
97 89 0
85 72 0
63 50 0
38 17 0
19 52 0
24 14 0
11 58 0
42 16 0
42 39 0
26 42 0
82 36 0
98 32 0
92 43 0
96 82 0
54 92 0
70 54 0
45 54 0
25 7 0
4 15 0
75 74 0
18 99 0
87 28 0
8 81 0
95 49 0
71 20 0
42 53 0
8 91 0
84 99 0
33 80 0
80 86 0
23 49 0
91 67 0
55 68 0
25 10 0
82 100 0
83 51 0
50 21 0
30 57 0
53 24 0
5 24 0
95 98 0
28 2 0
88 11 0
1 72 0
42 80 0
58 17 0
81 100 0
35 87 0
67 60 0
96 100 0
11 30 0
50 60 0
2 79 0
54 72 0
30 49 0
69 9 0
50 8 0
19 2 0
79 13 0
82 88 0
29 14 0
88 15 0
100 6 0
6 36 0
28 55 0
95 29 0
86 10 0
35 39 0
33 16 0
87 53 0
24 89 0
60 95 0
90 91 0
59 23 0
30 39 0
88 69 0
53 87 0
75 79 0
85 80 0
41 23 0
70 27 0
62 3 0
55 70 0
40 67 0
16 82 0
4 38 0
12 92 0
7 65 0
30 33 0
43 15 0
64 56 0
78 1 0
16 70 0
24 86 0
49 37 0
40 43 0
88 46 0
64 80 0
61 72 0
53 64 0
62 17 0
7 20 0
33 89 0
52 27 0
55 15 0
15 50 0
2 90 0
87 50 0
26 78 0
44 66 0
23 7 0
45 87 0
86 5 0
10 91 0
20 71 0
15 41 0
7 2 0
52 74 0
3 53 0
63 89 0
18 97 0
56 50 0
79 93 0
54 88 0
35 73 0
11 93 0
51 100 0
35 17 0
93 55 0
24 59 0
93 39 0
100 99 0
79 69 0
47 36 0
9 2 0
85 39 0
95 90 0
79 81 0
14 89 0
74 17 0
40 60 0
33 84 0
15 70 0
35 23 0
33 54 0
48 84 0
52 78 0
53 51 0
52 98 0
38 30 0
79 4 0
18 4 0
20 9 0
15 52 0
93 81 0
73 79 0
3 34 0
23 91 0
17 75 0
93 30 0
40 45 0
30 91 0
94 20 0
23 89 0
27 42 0
49 42 0
45 41 0
22 70 0
71 77 0
55 11 0
16 94 0
50 38 0
37 66 0
65 29 0
47 4 0
73 77 0
94 67 0
96 65 0
90 70 0
5 17 0
63 5 0
10 59 0
46 83 0
28 68 0
59 83 0
78 26 0
76 27 0
64 12 0
45 28 0
41 91 0
83 65 0
19 76 0
83 66 0
92 73 0
35 48 0
41 97 0
52 50 0
56 49 0
17 43 0
69 94 0
68 97 0
60 17 0
62 100 0
59 44 0
17 78 0
71 99 0
43 14 0
23 30 0
78 65 0
12 85 0
65 96 0
38 40 0
27 57 0
36 99 0
67 1 0
47 25 0
97 63 0
54 67 0
14 49 0
81 36 0
78 93 0
9 14 0
92 74 0
9 11 0
54 98 0
55 38 0
82 94 0
33 48 0
46 79 0
94 78 0
61 7 0
26 41 0
94 3 0
85 44 0
10 94 0
10 1 0
63 72 0
68 64 0
4 22 0
1 85 0
67 85 0
85 64 0
64 57 0
6 57 0
86 18 0
15 12 0
66 94 0
4 75 0
39 65 0
27 5 0
34 41 0
77 1 0
5 32 0
74 57 0
68 92 0
42 52 0
56 57 0
60 13 0
65 46 0
57 39 0
38 22 0
32 41 0
49 23 0
5 27 0
27 39 0
68 55 0
91 24 0
80 6 0
8 73 0
57 15 0
29 17 0
27 93 0
62 8 0
23 70 0
46 61 0
91 30 0
1 91 0
52 58 0
18 30 0
48 85 0
37 90 0
8 74 0
6 39 0
79 66 0
12 36 0
4 59 0
85 65 0
66 7 0
86 64 0
19 28 0
45 20 0
19 96 0
29 88 0
77 28 0
24 13 0
17 31 0
87 75 0
40 84 0
52 71 0
76 55 0
29 12 0
71 47 0
70 8 0
10 89 0
36 54 0
60 6 0
1 88 0
93 77 0
67 16 0
42 83 0
98 28 0
9 18 0
44 48 0
2 96 0
2 99 0
40 25 0
97 9 0
32 58 0
97 19 0
24 63 0
95 16 0
83 33 0
12 4 0
98 55 0
4 51 0
2 74 0
79 56 0
24 18 0
32 73 0
78 63 0
30 75 0
82 93 0
82 5 0
55 29 0
73 98 0
41 55 0
35 93 0
92 84 0
100 47 0
86 53 0
72 16 0
8 95 0
67 62 0
54 49 0
88 87 0
41 22 0
91 47 0
50 15 0
45 42 0
30 56 0
71 73 0
91 22 0
74 90 0
43 82 0
36 27 0
72 55 0
3 28 0
11 43 0
49 54 0
89 50 0
20 85 0
91 41 0
15 20 0
58 62 0
51 11 0
64 39 0
89 36 0
93 29 0
12 95 0
56 75 0
89 56 0
80 29 0
5 99 0
14 47 0
92 28 0
19 39 0
64 62 0
29 21 0
8 67 0
16 96 0
54 8 0
76 17 0
2 83 0
19 94 0
73 84 0
93 64 0
63 11 0
54 78 0
24 82 0
50 99 0
31 52 0
77 90 0
37 75 0
52 13 0
92 5 0
95 34 0
95 85 0
8 65 0
78 80 0
100 70 0
95 14 0
32 48 0
91 56 0
82 92 0
6 12 0
43 34 0
1 65 0
26 37 0
39 29 0
1 82 0
33 96 0
16 27 0
80 23 0
43 9 0
79 48 0
7 62 0
95 97 0
69 28 0
39 83 0
99 85 0
80 37 0
13 80 0
19 46 0
75 86 0
24 6 0
60 19 0
15 65 0
12 45 0
12 19 0
6 58 0
67 27 0
86 55 0
1 76 0
89 60 0
67 87 0
45 46 0
75 9 0
25 45 0
54 52 0
9 41 0
48 23 0
5 59 0
19 68 0
26 44 0
3 63 0
50 55 0
38 90 0
14 56 0
28 10 0
1 2 0
19 78 0
47 24 0
29 28 0
53 89 0
21 100 0
64 25 0
11 82 0
45 39 0
10 22 0
34 12 0
66 73 0
24 32 0
29 51 0
41 81 0
58 51 0
35 38 0
30 87 0
27 50 0
39 90 0
27 1 0
23 71 0
39 33 0
44 27 0
51 83 0
45 79 0
12 89 0
96 69 0
91 82 0
59 21 0
22 58 0
26 100 0
10 48 0
70 49 0
80 13 0
21 76 0
91 79 0
89 42 0
61 33 0
72 46 0
69 83 0
4 77 0
49 17 0
46 22 0
26 71 0
22 36 0
18 91 0
84 50 0
25 98 0
86 13 0
39 99 0
9 29 0
61 57 0
97 58 0
79 23 0
10 98 0
42 45 0
99 49 0
52 75 0
47 37 0
87 37 0
87 35 0
99 82 0
51 96 0
63 83 0
95 71 0
12 56 0
80 8 0
13 58 0
9 91 0
42 50 0
87 92 0
99 38 0
66 97 0
27 4 0
33 13 0
38 32 0
95 88 0
27 9 0
79 34 0
41 93 0
67 75 0
17 30 0
21 27 0
41 86 0
75 67 0
89 7 0
32 26 0
90 26 0
34 35 0
89 64 0
74 61 0
19 51 0
77 47 0
6 97 0
73 99 0
34 99 0
17 22 0
5 48 0
99 95 0
73 64 0
62 58 0
50 2 0
74 70 0
22 99 0
82 33 0
90 16 0
81 60 0
18 9 0
6 76 0
58 30 0
74 91 0
28 90 0
65 85 0
38 63 0
79 62 0
20 80 0
94 45 0
49 15 0
43 30 0
47 84 0
97 79 0
88 1 0
41 45 0
87 62 0
56 51 0
46 93 0
66 76 0
6 43 0
68 25 0
69 22 0
27 63 0
3 25 0
47 51 0
4 90 0
69 43 0
42 61 0
39 24 0
27 25 0
86 82 0
28 83 0
26 93 0
35 26 0
8 61 0
38 28 0
82 64 0
91 37 0
88 89 0
39 43 0
85 71 0
68 75 0
47 46 0
100 84 0
79 27 0
66 56 0
71 24 0
38 5 0
49 97 0
25 99 0
1 67 0
87 41 0
7 25 0
35 36 0
84 72 0
58 3 0
46 4 0
87 26 0
23 53 0
33 93 0
28 70 0
50 77 0
67 66 0
14 43 0
16 67 0
9 54 0
7 15 0
31 41 0
2 66 0
12 59 0
68 10 0
63 67 0
6 1 0
44 29 0
5 76 0
73 33 0
45 74 0
61 11 0
92 26 0
53 59 0
92 13 0
65 50 0
79 95 0
60 54 0
39 79 0
63 53 0
45 21 0
5 88 0
1 10 0
63 73 0
94 59 0
99 54 0
70 42 0
79 74 0
100 23 0
39 64 0
72 17 0
10 14 0
97 21 0
20 87 0
99 34 0
91 95 0
54 95 0
82 54 0
56 96 0
79 49 0
7 29 0
54 28 0
1 21 0
7 39 0
37 78 0
8 46 0
44 56 0
19 15 0
42 17 0
64 54 0
30 97 0
59 86 0
93 37 0
86 51 0
17 40 0
78 86 0
24 30 0
7 30 0
69 95 0
59 28 0
92 54 0
83 10 0
68 24 0
79 68 0
59 42 0
73 88 0
38 31 0
25 82 0
20 11 0
32 88 0
2 9 0
74 25 0
91 32 0
6 11 0
26 16 0
38 69 0
22 20 0
79 41 0
95 57 0
60 53 0
92 87 0
15 17 0
69 86 0
79 100 0
73 80 0
61 98 0
56 3 0
13 6 0
28 50 0
75 49 0
69 5 0
90 63 0
61 49 0
67 10 0
33 58 0
96 99 0
26 64 0
16 8 0
35 28 0
6 90 0
30 86 0
50 94 0
44 30 0
43 70 0
30 63 0
74 19 0
77 34 0
95 4 0
52 90 0
2 78 0
6 37 0
33 73 0
44 68 0
100 1 0
57 81 0
87 59 0
74 30 0
88 68 0
99 17 0
30 72 0
88 6 0
57 59 0
14 51 0
92 67 0
80 49 0
3 13 0
21 98 0
99 88 0
52 85 0
98 77 0
66 37 0
96 16 0
6 25 0
87 45 0
82 95 0
3 81 0
97 68 0
84 40 0
34 15 0
89 88 0
79 9 0
81 35 0
50 84 0
13 36 0
84 8 0
51 89 0
85 89 0
33 18 0
54 86 0
23 39 0
100 11 0
26 79 0
71 62 0
88 3 0
97 37 0
39 67 0
36 51 0
55 19 0
10 57 0
59 46 0
46 43 0
16 32 0
29 66 0
15 34 0
51 37 0
72 2 0
80 69 0
10 20 0
72 58 0
8 10 0
25 43 0
12 31 0
13 73 0
87 71 0
71 84 0
13 86 0
16 93 0
51 30 0
78 53 0
18 49 0
97 86 0
20 92 0
11 83 0
22 23 0
56 9 0
46 26 0
44 10 0
11 59 0
55 13 0
40 32 0
17 9 0
81 22 0
76 29 0
59 12 0
22 55 0
83 94 0
98 93 0
76 20 0
67 83 0
80 12 0
8 23 0
34 28 0
34 25 0
59 50 0
86 91 0
24 61 0
72 82 0
24 10 0
49 46 0
16 83 0
39 14 0
75 66 0
49 64 0
5 8 0
78 71 0
9 63 0
48 67 0
65 33 0
10 88 0
42 69 0
66 58 0
51 56 0
21 55 0
70 69 0
18 26 0
29 55 0
55 58 0
20 77 0
81 84 0
9 90 0
22 92 0
12 38 0
21 15 0
91 14 0
97 60 0
34 66 0
85 62 0
20 91 0
19 49 0
5 91 0
25 86 0
74 85 0
90 49 0
40 62 0
12 3 0
17 92 0
26 8 0
57 22 0
19 43 0
87 4 0
4 58 0
46 75 0
59 51 0
65 83 0
36 90 0
20 14 0
38 9 0
62 77 0
22 25 0
32 21 0
60 48 0
7 73 0
58 26 0
15 96 0
81 19 0
54 26 0
45 12 0
76 61 0
46 63 0
50 17 0
25 90 0
16 99 0
67 47 0
19 26 0
47 35 0
8 20 0
30 22 0
16 10 0
92 21 0
84 63 0
48 29 0
78 98 0
46 6 0
20 65 0
51 91 0
43 49 0
53 36 0
76 83 0
63 31 0
46 88 0
45 78 0
95 31 0
59 37 0
79 35 0
93 31 0
23 68 0
65 32 0
59 61 0
84 21 0
91 76 0
19 88 0
64 93 0
62 52 0
77 12 0
23 5 0
28 69 0
35 86 0
5 65 0
47 95 0
16 12 0
99 14 0
37 17 0
61 67 0
55 28 0
60 31 0
39 34 0
87 67 0
2 21 0
37 28 0
58 84 0
74 73 0
99 18 0
64 97 0
83 52 0
65 88 0
55 9 0
52 66 0
92 90 0
51 64 0
61 87 0
91 18 0
70 65 0
67 40 0
88 20 0
81 4 0
7 35 0
28 61 0
44 31 0
26 35 0
95 91 0
53 86 0
60 74 0
93 26 0
50 33 0
45 30 0
36 4 0
17 64 0
64 60 0
94 42 0
17 61 0
98 48 0
27 92 0
29 98 0
4 82 0
51 45 0
2 43 0
23 51 0
32 11 0
70 48 0
26 86 0
59 71 0
89 95 0
42 43 0
29 32 0
73 10 0
81 76 0
91 31 0
73 44 0
25 95 0
94 52 0
13 78 0
14 83 0
25 39 0
20 36 0
39 49 0
92 55 0
97 67 0
76 49 0
97 18 0
31 69 0
62 7 0
15 7 0
58 27 0
9 61 0
48 74 0
77 86 0
74 69 0
93 12 0
30 74 0
62 5 0
74 58 0
74 56 0
78 87 0
62 92 0
94 72 0
18 29 0
94 79 0
41 7 0
58 88 0
80 87 0
26 5 0
7 18 0
10 45 0
37 71 0
80 27 0
65 57 0
49 70 0
87 43 0
48 27 0
1 57 0
67 32 0
43 92 0
36 49 0
61 4 0
12 70 0
100 48 0
93 53 0
79 73 0
81 43 0
3 80 0
49 87 0
45 48 0
65 97 0
5 31 0
28 99 0
74 64 0
100 34 0
19 11 0
56 18 0
11 48 0
22 19 0
19 100 0
44 99 0
43 46 0
48 79 0
81 93 0
27 45 0
89 83 0
81 1 0
84 32 0
43 42 0
89 93 0
23 59 0
58 38 0
11 88 0
18 64 0
3 44 0
9 43 0
78 88 0
40 46 0
42 26 0
19 18 0
62 63 0
18 57 0
28 27 0
66 78 0
42 3 0
79 2 0
97 56 0
18 28 0
5 60 0
6 52 0
95 24 0
21 35 0
83 34 0
97 100 0
90 24 0
78 36 0
66 43 0
14 66 0
77 55 0
56 17 0
63 96 0
75 80 0
91 80 0
31 86 0
20 90 0
36 16 0
41 26 0
60 26 0
22 88 0
95 87 0
58 57 0
34 33 0
88 61 0
40 95 0
64 47 0
36 85 0
50 76 0
93 74 0
48 4 0
100 22 0
15 38 0
70 72 0
46 55 0
56 33 0
15 19 0
63 7 0
65 78 0
53 14 0
12 41 0
50 61 0
16 63 0
53 61 0
36 52 0
16 87 0
25 59 0
70 39 0
96 39 0
62 41 0
93 69 0
26 60 0
66 4 0
69 29 0
58 70 0
32 94 0
38 20 0
97 53 0
6 22 0
60 11 0
65 74 0
4 10 0
42 81 0
69 81 0
20 86 0
3 5 0
66 13 0
75 7 0
90 6 0
100 27 0
25 48 0
31 83 0
69 46 0
9 81 0
57 26 0
87 47 0
92 7 0
80 11 0
92 16 0
48 46 0
10 46 0
52 22 0
69 60 0
62 90 0
5 71 0
22 13 0
24 34 0
73 67 0
40 4 0
28 39 0
93 90 0
84 17 0
67 4 0
76 28 0
93 32 0
50 14 0
45 97 0
92 20 0
30 65 0
39 21 0
55 39 0
96 35 0
24 64 0
50 63 0
51 85 0
96 33 0
98 34 0
94 90 0
53 76 0
6 91 0
48 25 0
10 3 0
37 91 0
44 60 0
55 93 0
22 57 0
29 53 0
25 69 0
10 72 0
1 47 0
69 50 0
32 63 0
39 37 0
38 44 0
79 85 0
69 89 0
39 31 0
93 75 0
