1 1 1
2 2 1
3 3 1
4 4 1
5 5 1
6 6 1
7 7 1
8 8 1
9 9 1
10 10 1
11 11 1
12 12 1
13 13 1
14 14 1
15 15 1
16 16 1
17 17 1
18 18 1
19 19 1
20 20 1
21 21 1
22 22 1
23 23 1
24 24 1
25 25 1
26 26 1
27 27 1
28 28 1
29 29 1
30 30 1
31 31 1
32 32 1
33 33 1
34 34 1
35 35 1
36 36 1
37 37 1
38 38 1
39 39 1
40 40 1
41 41 1
42 42 1
43 43 1
44 44 1
45 45 1
46 46 1
47 47 1
48 48 1
49 49 1
50 50 1
51 51 1
52 52 1
53 53 1
54 54 1
55 55 1
56 56 1
57 57 1
58 58 1
59 59 1
60 60 1
61 61 1
62 62 1
63 63 1
64 64 1
65 65 1
66 66 1
67 67 1
68 68 1
69 69 1
70 70 1
71 71 1
72 72 1
73 73 1
74 74 1
75 75 1
76 76 1
77 77 1
78 78 1
79 79 1
80 80 1
81 81 1
82 82 1
83 83 1
84 84 1
85 85 1
86 86 1
87 87 1
88 88 1
89 89 1
90 90 1
91 91 1
92 92 1
93 93 1
94 94 1
95 95 1
96 96 1
97 97 1
98 98 1
99 99 1
100 100 1
101 101 1
102 102 1
103 103 1
104 104 1
105 105 1
106 106 1
107 107 1
108 108 1
109 109 1
110 110 1
111 111 1
112 112 1
113 113 1
114 114 1
115 115 1
116 116 1
117 117 1
118 118 1
119 119 1
120 120 1
121 121 1
122 122 1
123 123 1
124 124 1
125 125 1
126 126 1
127 127 1
128 128 1
129 129 1
130 130 1
131 131 1
132 132 1
133 133 1
134 134 1
135 135 1
136 136 1
137 137 1
138 138 1
139 139 1
140 140 1
141 141 1
142 142 1
143 143 1
144 144 1
145 145 1
146 146 1
147 147 1
148 148 1
149 149 1
150 150 1
74 96 0
72 123 0
100 59 0
7 55 0
118 136 0
29 106 0
57 111 0
92 94 0
70 43 0
83 92 0
12 31 0
77 50 0
68 45 0
34 136 0
90 86 0
140 65 0
84 113 0
89 85 0
22 95 0
132 17 0
146 39 0
30 87 0
132 1 0
32 64 0
93 95 0
147 19 0
46 116 0
63 80 0
101 54 0
15 142 0
119 98 0
105 109 0
32 28 0
54 72 0
68 35 0
89 63 0
73 118 0
51 106 0
118 134 0
72 60 0
79 68 0
130 124 0
33 94 0
53 134 0
148 120 0
27 18 0
119 131 0
126 53 0
8 81 0
124 75 0
116 114 0
39 90 0
81 90 0
98 101 0
73 19 0
62 53 0
86 94 0
27 118 0
37 131 0
3 34 0
2 30 0
103 121 0
62 79 0
23 70 0
9 48 0
144 26 0
12 33 0
18 144 0
24 115 0
94 148 0
35 58 0
51 120 0
1 129 0
139 37 0
11 44 0
123 13 0
125 75 0
35 36 0
55 57 0
105 116 0
104 1 0
141 17 0
85 60 0
11 10 0
76 6 0
7 110 0
63 109 0
131 115 0
139 22 0
54 52 0
117 26 0
64 91 0
2 98 0
126 57 0
56 133 0
22 61 0
35 64 0
78 21 0
124 140 0
82 101 0
145 88 0
113 110 0
99 145 0
126 139 0
16 29 0
40 132 0
106 5 0
124 108 0
4 2 0
14 111 0
36 87 0
22 122 0
150 1 0
142 25 0
42 73 0
28 36 0
62 140 0
47 62 0
134 23 0
103 52 0
51 44 0
85 7 0
101 59 0
16 104 0
112 81 0
117 147 0
17 40 0
118 68 0
92 11 0
145 133 0
135 22 0
18 98 0
63 65 0
62 46 0
139 14 0
149 39 0
57 84 0
97 59 0
44 112 0
13 5 0
42 31 0
53 110 0
70 72 0
28 11 0
134 22 0
143 118 0
95 62 0
117 7 0
104 16 0
41 103 0
55 150 0
36 53 0
58 131 0
67 122 0
37 10 0
2 89 0
120 123 0
62 49 0
133 45 0
70 125 0
64 66 0
89 82 0
72 116 0
110 25 0
132 52 0
127 88 0
103 64 0
140 63 0
96 108 0
34 132 0
118 88 0
122 87 0
60 85 0
135 95 0
129 106 0
121 94 0
21 59 0
26 144 0
25 37 0
18 6 0
88 47 0
145 93 0
12 134 0
5 108 0
144 90 0
89 111 0
79 113 0
47 41 0
47 83 0
135 78 0
38 105 0
73 110 0
66 98 0
103 90 0
36 22 0
147 26 0
68 141 0
118 80 0
26 122 0
37 19 0
113 27 0
31 42 0
139 77 0
82 88 0
61 118 0
15 98 0
124 87 0
109 39 0
87 61 0
30 122 0
83 78 0
147 52 0
120 16 0
131 48 0
39 69 0
118 2 0
96 149 0
95 136 0
127 26 0
125 38 0
45 139 0
37 18 0
128 146 0
57 116 0
56 138 0
87 40 0
66 136 0
92 87 0
53 124 0
134 92 0
43 102 0
93 40 0
100 37 0
77 128 0
114 52 0
15 8 0
92 52 0
77 69 0
47 133 0
34 4 0
96 88 0
60 89 0
24 112 0
62 60 0
53 6 0
11 47 0
97 12 0
135 24 0
139 150 0
127 56 0
59 68 0
107 136 0
39 55 0
20 124 0
110 42 0
48 55 0
31 107 0
143 107 0
121 107 0
16 75 0
112 78 0
122 59 0
141 8 0
134 129 0
8 110 0
86 66 0
27 42 0
103 117 0
96 123 0
91 108 0
14 138 0
12 45 0
95 57 0
1 117 0
13 68 0
41 26 0
145 12 0
136 135 0
72 119 0
15 131 0
130 101 0
46 59 0
44 51 0
25 42 0
23 115 0
149 36 0
103 10 0
132 99 0
118 34 0
65 32 0
101 7 0
58 147 0
19 95 0
131 142 0
116 48 0
122 95 0
50 69 0
3 93 0
119 28 0
134 141 0
44 34 0
79 146 0
44 60 0
146 63 0
146 112 0
95 96 0
119 2 0
145 39 0
148 27 0
30 113 0
74 1 0
58 25 0
121 60 0
118 90 0
139 3 0
80 33 0
37 60 0
80 132 0
22 128 0
44 17 0
89 40 0
14 109 0
93 8 0
147 91 0
35 78 0
53 10 0
130 110 0
35 101 0
72 54 0
40 112 0
56 21 0
46 144 0
81 126 0
27 4 0
103 123 0
20 93 0
52 105 0
93 48 0
45 127 0
28 97 0
136 7 0
109 72 0
107 82 0
125 48 0
43 31 0
121 89 0
76 51 0
116 103 0
106 68 0
75 125 0
10 86 0
59 113 0
92 53 0
11 136 0
29 38 0
135 67 0
96 145 0
40 53 0
76 15 0
2 20 0
97 122 0
10 22 0
74 125 0
26 29 0
94 100 0
55 6 0
88 114 0
118 81 0
68 128 0
67 149 0
67 103 0
65 13 0
97 104 0
117 74 0
20 118 0
93 116 0
90 5 0
40 13 0
129 65 0
94 73 0
67 148 0
130 4 0
13 97 0
84 81 0
127 52 0
79 95 0
56 45 0
107 54 0
50 125 0
127 70 0
145 122 0
87 84 0
148 6 0
41 91 0
130 107 0
141 109 0
12 3 0
56 147 0
83 84 0
49 63 0
28 6 0
107 37 0
60 7 0
11 88 0
128 5 0
111 64 0
140 86 0
92 40 0
144 132 0
130 25 0
140 22 0
134 1 0
25 91 0
147 9 0
24 97 0
72 103 0
5 80 0
139 64 0
138 150 0
53 115 0
56 14 0
81 46 0
1 22 0
85 144 0
55 116 0
19 44 0
138 54 0
96 64 0
72 69 0
143 45 0
73 147 0
125 62 0
61 14 0
129 18 0
27 59 0
115 28 0
132 49 0
73 36 0
67 143 0
131 106 0
46 76 0
19 91 0
69 142 0
37 134 0
109 63 0
45 70 0
24 7 0
84 54 0
76 12 0
14 41 0
91 145 0
141 14 0
82 57 0
6 62 0
64 104 0
39 82 0
74 7 0
70 12 0
42 29 0
74 138 0
150 149 0
46 135 0
53 121 0
147 118 0
11 87 0
15 2 0
2 96 0
110 60 0
60 24 0
65 98 0
7 10 0
55 132 0
68 27 0
143 109 0
107 118 0
148 106 0
19 43 0
91 71 0
66 139 0
90 128 0
127 104 0
31 129 0
50 141 0
90 109 0
66 4 0
56 72 0
106 81 0
91 150 0
91 47 0
118 141 0
54 136 0
33 46 0
108 150 0
34 47 0
128 11 0
53 60 0
41 102 0
102 130 0
112 17 0
133 69 0
141 47 0
133 96 0
29 73 0
147 22 0
21 114 0
12 127 0
1 44 0
22 108 0
57 125 0
118 109 0
34 60 0
112 136 0
39 73 0
54 73 0
43 44 0
21 26 0
41 50 0
150 38 0
71 21 0
49 54 0
79 70 0
63 24 0
27 21 0
148 46 0
129 32 0
105 142 0
69 45 0
116 122 0
19 9 0
68 40 0
86 108 0
141 85 0
47 113 0
7 100 0
96 55 0
3 24 0
125 117 0
100 53 0
138 149 0
99 18 0
82 105 0
10 150 0
52 125 0
122 70 0
35 39 0
11 120 0
48 1 0
55 95 0
15 61 0
44 12 0
88 142 0
116 37 0
96 103 0
35 96 0
121 117 0
51 32 0
18 4 0
58 139 0
73 93 0
79 84 0
62 29 0
136 18 0
123 53 0
131 68 0
64 148 0
67 1 0
41 32 0
89 136 0
37 124 0
82 59 0
142 34 0
90 9 0
37 147 0
50 11 0
141 128 0
146 105 0
6 34 0
24 30 0
86 4 0
149 51 0
53 65 0
52 93 0
149 42 0
131 35 0
67 114 0
93 58 0
49 84 0
119 137 0
132 18 0
147 25 0
47 143 0
129 105 0
26 2 0
36 13 0
58 35 0
63 110 0
99 16 0
105 149 0
58 137 0
33 26 0
2 27 0
84 50 0
12 104 0
88 144 0
23 84 0
18 69 0
128 48 0
75 55 0
101 111 0
119 8 0
145 32 0
20 145 0
99 26 0
144 58 0
64 78 0
84 65 0
7 69 0
16 18 0
22 103 0
63 44 0
88 132 0
14 118 0
29 89 0
74 32 0
101 43 0
39 147 0
126 110 0
43 74 0
135 36 0
132 48 0
16 117 0
14 22 0
35 81 0
33 4 0
53 23 0
37 66 0
42 66 0
56 115 0
149 58 0
59 37 0
54 86 0
49 97 0
10 33 0
34 43 0
133 101 0
61 48 0
129 115 0
104 63 0
118 6 0
85 4 0
123 28 0
121 29 0
45 119 0
86 103 0
58 42 0
39 106 0
138 100 0
40 73 0
44 22 0
24 104 0
70 145 0
11 53 0
12 128 0
110 97 0
34 82 0
26 56 0
110 70 0
77 98 0
75 36 0
139 15 0
43 28 0
114 82 0
6 123 0
64 127 0
20 13 0
76 30 0
117 87 0
60 76 0
85 145 0
7 111 0
50 19 0
82 28 0
115 58 0
20 7 0
85 35 0
141 34 0
145 146 0
7 58 0
24 26 0
70 1 0
55 88 0
139 114 0
13 74 0
108 72 0
86 60 0
142 69 0
139 9 0
66 146 0
12 150 0
83 2 0
85 77 0
49 91 0
135 124 0
18 106 0
124 125 0
44 15 0
140 108 0
140 150 0
29 127 0
111 72 0
45 99 0
80 21 0
104 47 0
69 18 0
98 1 0
71 33 0
129 22 0
25 15 0
145 95 0
121 21 0
69 66 0
35 110 0
23 24 0
109 104 0
52 69 0
25 96 0
70 7 0
117 75 0
105 87 0
139 13 0
137 117 0
34 63 0
34 80 0
7 56 0
100 127 0
121 36 0
87 45 0
111 45 0
148 12 0
108 85 0
9 35 0
62 3 0
139 102 0
15 125 0
68 100 0
38 3 0
29 96 0
58 31 0
73 28 0
66 61 0
125 27 0
105 122 0
90 22 0
98 47 0
106 28 0
74 17 0
115 37 0
19 103 0
138 85 0
130 108 0
86 69 0
110 114 0
66 70 0
46 138 0
149 112 0
48 123 0
40 55 0
147 129 0
76 94 0
78 84 0
122 53 0
2 138 0
90 72 0
142 129 0
58 121 0
138 143 0
8 7 0
69 54 0
46 67 0
67 146 0
92 8 0
50 88 0
38 27 0
31 17 0
12 54 0
70 13 0
41 61 0
84 33 0
91 141 0
55 79 0
133 146 0
78 43 0
54 146 0
148 99 0
114 64 0
94 55 0
71 45 0
142 10 0
27 135 0
128 96 0
148 19 0
58 81 0
103 148 0
124 59 0
76 8 0
106 55 0
50 9 0
102 47 0
10 66 0
12 5 0
22 134 0
50 66 0
144 75 0
140 20 0
59 117 0
17 56 0
37 74 0
39 41 0
123 12 0
100 101 0
71 55 0
5 121 0
116 9 0
69 125 0
126 81 0
31 147 0
116 132 0
114 109 0
56 103 0
30 115 0
122 46 0
21 110 0
101 46 0
23 50 0
146 94 0
6 52 0
116 23 0
60 86 0
49 35 0
68 80 0
84 34 0
61 47 0
142 117 0
150 22 0
133 23 0
119 54 0
82 140 0
66 32 0
35 88 0
133 82 0
83 41 0
133 100 0
63 43 0
36 112 0
129 103 0
41 62 0
136 3 0
11 30 0
21 62 0
51 3 0
84 19 0
57 15 0
99 94 0
111 133 0
77 96 0
23 60 0
45 138 0
4 80 0
1 34 0
33 41 0
148 70 0
95 8 0
99 116 0
69 149 0
70 76 0
68 129 0
99 68 0
125 112 0
51 103 0
12 101 0
112 67 0
83 112 0
101 115 0
54 98 0
86 149 0
105 35 0
128 56 0
87 111 0
113 61 0
72 65 0
13 30 0
39 77 0
131 1 0
45 63 0
14 145 0
79 120 0
144 66 0
20 98 0
100 35 0
74 87 0
69 51 0
142 81 0
96 78 0
42 110 0
40 15 0
24 105 0
45 114 0
83 77 0
16 127 0
41 30 0
122 21 0
149 115 0
86 18 0
115 36 0
104 38 0
24 22 0
141 15 0
103 86 0
145 46 0
97 86 0
60 22 0
40 104 0
82 1 0
1 122 0
82 24 0
142 132 0
40 78 0
51 56 0
15 4 0
146 38 0
77 136 0
104 81 0
123 98 0
126 69 0
34 36 0
90 125 0
41 126 0
149 123 0
28 51 0
146 11 0
74 40 0
142 113 0
117 94 0
149 66 0
122 76 0
51 75 0
6 23 0
75 132 0
143 10 0
69 134 0
36 11 0
109 34 0
133 39 0
136 31 0
49 59 0
70 41 0
74 88 0
134 144 0
22 133 0
111 143 0
110 11 0
119 17 0
85 43 0
50 77 0
104 118 0
60 140 0
75 13 0
56 61 0
43 7 0
21 14 0
47 146 0
101 82 0
139 122 0
116 1 0
11 135 0
144 147 0
79 43 0
73 33 0
11 132 0
74 41 0
52 50 0
53 9 0
12 148 0
15 33 0
11 113 0
28 14 0
97 69 0
37 62 0
69 53 0
39 132 0
37 32 0
128 115 0
126 51 0
49 38 0
84 122 0
78 37 0
74 33 0
46 85 0
82 112 0
117 144 0
75 47 0
7 21 0
115 96 0
134 85 0
148 22 0
118 86 0
105 96 0
50 133 0
20 33 0
122 98 0
70 45 0
32 17 0
32 113 0
128 148 0
8 104 0
44 67 0
124 60 0
12 108 0
47 9 0
31 14 0
94 38 0
11 45 0
20 110 0
45 91 0
45 69 0
90 16 0
15 121 0
32 46 0
135 9 0
96 143 0
15 41 0
111 138 0
101 122 0
147 49 0
32 80 0
114 125 0
19 27 0
71 90 0
38 116 0
30 82 0
86 120 0
97 100 0
142 30 0
48 127 0
91 143 0
21 105 0
33 131 0
144 35 0
102 43 0
135 133 0
122 99 0
9 42 0
27 131 0
131 64 0
96 62 0
48 83 0
31 46 0
85 23 0
76 132 0
51 16 0
26 71 0
22 58 0
103 15 0
145 106 0
57 129 0
140 80 0
129 148 0
23 5 0
128 3 0
121 126 0
117 18 0
110 49 0
115 44 0
123 92 0
25 23 0
107 50 0
145 30 0
10 97 0
45 4 0
104 3 0
34 93 0
83 13 0
142 105 0
17 120 0
10 39 0
147 126 0
108 106 0
76 73 0
52 49 0
14 76 0
71 23 0
28 118 0
52 89 0
116 96 0
92 70 0
99 125 0
12 83 0
137 4 0
89 56 0
25 98 0
146 73 0
125 104 0
80 51 0
26 131 0
1 91 0
109 71 0
113 136 0
90 67 0
74 56 0
12 67 0
125 12 0
93 38 0
146 132 0
93 85 0
37 117 0
32 84 0
91 59 0
37 21 0
11 114 0
1 11 0
55 109 0
133 17 0
135 69 0
30 147 0
37 56 0
60 130 0
93 56 0
111 36 0
42 49 0
132 145 0
33 19 0
67 43 0
132 67 0
105 88 0
78 88 0
7 73 0
62 141 0
44 91 0
39 80 0
146 99 0
111 140 0
56 123 0
77 97 0
21 33 0
79 6 0
125 145 0
100 8 0
113 55 0
96 40 0
44 102 0
15 105 0
92 110 0
97 131 0
91 144 0
131 52 0
133 88 0
86 97 0
1 72 0
63 125 0
118 65 0
119 129 0
22 64 0
80 36 0
70 74 0
47 16 0
106 137 0
9 86 0
38 43 0
75 114 0
4 10 0
60 49 0
119 112 0
120 84 0
138 139 0
148 21 0
150 142 0
81 131 0
79 150 0
54 125 0
67 9 0
111 127 0
146 51 0
19 70 0
14 75 0
131 125 0
123 100 0
86 145 0
33 73 0
145 103 0
99 144 0
94 81 0
27 74 0
141 61 0
24 38 0
111 94 0
108 26 0
18 140 0
150 43 0
37 23 0
59 19 0
6 53 0
99 19 0
34 27 0
93 15 0
8 42 0
62 148 0
4 137 0
81 45 0
86 138 0
42 77 0
124 78 0
1 84 0
149 7 0
39 74 0
12 137 0
92 46 0
65 86 0
112 72 0
128 76 0
70 131 0
62 7 0
147 44 0
103 37 0
44 90 0
25 85 0
16 50 0
65 69 0
134 63 0
127 22 0
136 138 0
60 129 0
85 124 0
65 47 0
45 94 0
24 16 0
74 85 0
74 122 0
129 78 0
9 74 0
70 85 0
8 85 0
134 124 0
55 19 0
36 31 0
92 73 0
19 1 0
104 103 0
26 18 0
51 123 0
111 74 0
40 86 0
61 114 0
110 91 0
93 118 0
14 12 0
52 73 0
149 87 0
47 53 0
8 134 0
136 99 0
109 4 0
2 62 0
8 27 0
79 111 0
51 91 0
34 91 0
78 146 0
106 37 0
86 48 0
4 99 0
112 107 0
74 12 0
96 120 0
103 101 0
103 61 0
6 104 0
24 14 0
33 102 0
26 135 0
94 111 0
75 22 0
107 30 0
130 16 0
43 143 0
24 116 0
4 119 0
85 119 0
123 89 0
70 128 0
52 75 0
133 75 0
140 15 0
79 15 0
28 126 0
95 134 0
6 107 0
122 119 0
29 145 0
16 70 0
104 40 0
9 23 0
17 60 0
36 41 0
66 114 0
108 65 0
38 135 0
93 34 0
118 150 0
140 44 0
36 111 0
65 116 0
8 148 0
49 23 0
68 54 0
62 128 0
77 79 0
89 128 0
78 124 0
70 143 0
88 79 0
110 27 0
63 104 0
60 82 0
103 50 0
28 138 0
10 92 0
5 17 0
141 105 0
91 110 0
8 3 0
87 136 0
133 77 0
15 112 0
51 85 0
13 115 0
66 128 0
68 125 0
76 138 0
59 138 0
56 122 0
69 147 0
133 129 0
51 122 0
114 33 0
48 129 0
144 98 0
115 149 0
39 127 0
104 135 0
131 117 0
57 108 0
104 17 0
95 137 0
10 102 0
49 142 0
80 99 0
113 96 0
33 63 0
74 26 0
10 38 0
76 101 0
66 91 0
76 86 0
38 34 0
44 43 0
50 40 0
81 83 0
92 90 0
35 140 0
134 16 0
140 148 0
111 22 0
99 122 0
72 91 0
17 27 0
64 92 0
15 101 0
27 58 0
45 77 0
149 126 0
9 91 0
117 95 0
132 100 0
111 122 0
150 123 0
45 111 0
111 46 0
82 135 0
122 55 0
127 138 0
82 40 0
132 96 0
42 8 0
55 87 0
136 53 0
62 145 0
45 80 0
141 27 0
82 3 0
50 81 0
126 94 0
41 86 0
41 25 0
122 12 0
79 99 0
150 62 0
138 131 0
59 30 0
18 26 0
120 131 0
72 14 0
60 62 0
40 141 0
65 89 0
85 14 0
79 125 0
90 50 0
39 18 0
148 38 0
132 38 0
70 40 0
119 109 0
134 76 0
116 107 0
89 77 0
19 31 0
68 83 0
21 40 0
76 7 0
105 4 0
34 44 0
53 72 0
114 103 0
109 147 0
88 108 0
38 44 0
93 74 0
119 110 0
30 110 0
36 100 0
42 5 0
84 114 0
97 9 0
121 51 0
12 56 0
147 117 0
127 12 0
69 137 0
118 95 0
67 57 0
139 61 0
130 9 0
72 62 0
118 107 0
11 61 0
14 147 0
25 110 0
5 47 0
62 69 0
102 58 0
35 130 0
69 103 0
18 76 0
62 135 0
21 30 0
142 73 0
69 63 0
134 89 0
71 46 0
149 84 0
42 75 0
95 99 0
121 7 0
17 124 0
64 51 0
5 35 0
55 22 0
12 18 0
6 84 0
21 63 0
2 56 0
101 51 0
58 45 0
28 2 0
45 50 0
60 61 0
76 26 0
111 80 0
60 67 0
102 123 0
84 9 0
57 32 0
121 127 0
14 122 0
32 66 0
95 35 0
19 54 0
131 98 0
108 25 0
147 17 0
85 72 0
94 97 0
2 55 0
28 96 0
13 84 0
35 149 0
148 101 0
22 30 0
16 116 0
116 86 0
72 96 0
33 81 0
120 82 0
149 54 0
150 56 0
147 64 0
9 125 0
9 37 0
146 96 0
46 108 0
126 113 0
125 91 0
49 46 0
36 133 0
28 57 0
64 27 0
110 119 0
119 11 0
24 17 0
126 136 0
93 36 0
72 59 0
98 60 0
103 143 0
17 131 0
8 142 0
71 56 0
89 9 0
90 117 0
65 4 0
143 77 0
24 13 0
139 99 0
81 115 0
84 23 0
150 147 0
55 25 0
33 60 0
70 102 0
40 77 0
93 110 0
34 31 0
20 25 0
49 137 0
28 41 0
115 103 0
105 5 0
52 36 0
21 37 0
110 21 0
34 37 0
46 88 0
114 130 0
49 85 0
81 88 0
63 75 0
100 96 0
8 21 0
120 56 0
7 50 0
149 121 0
2 103 0
28 105 0
138 48 0
142 98 0
120 25 0
36 15 0
14 149 0
47 63 0
83 29 0
52 145 0
6 1 0
142 13 0
22 14 0
120 80 0
115 118 0
103 18 0
123 130 0
27 114 0
11 147 0
138 47 0
63 1 0
97 109 0
115 30 0
40 17 0
76 45 0
69 120 0
109 90 0
133 78 0
72 149 0
98 24 0
16 122 0
3 138 0
133 81 0
101 144 0
77 88 0
92 42 0
141 38 0
52 7 0
119 91 0
23 97 0
37 92 0
66 145 0
83 100 0
125 4 0
98 124 0
27 113 0
95 81 0
101 77 0
12 103 0
122 140 0
93 63 0
31 135 0
3 135 0
141 121 0
75 14 0
67 14 0
7 34 0
8 89 0
133 34 0
145 80 0
95 101 0
4 45 0
28 67 0
49 51 0
108 141 0
16 41 0
125 18 0
25 116 0
40 1 0
31 9 0
14 89 0
42 22 0
27 77 0
55 73 0
6 114 0
146 2 0
98 143 0
44 126 0
137 59 0
16 14 0
76 40 0
129 17 0
25 54 0
149 119 0
127 77 0
45 84 0
150 102 0
104 12 0
5 115 0
47 48 0
99 135 0
47 129 0
1 139 0
39 78 0
95 89 0
46 123 0
15 90 0
56 66 0
41 4 0
14 144 0
16 12 0
45 20 0
28 143 0
119 20 0
78 126 0
27 26 0
12 73 0
56 12 0
114 146 0
89 58 0
84 134 0
30 1 0
125 138 0
118 16 0
141 132 0
61 58 0
45 105 0
129 73 0
150 97 0
92 77 0
124 20 0
5 135 0
144 112 0
49 107 0
108 137 0
14 93 0
23 96 0
93 147 0
83 113 0
64 125 0
146 125 0
33 40 0
131 63 0
14 130 0
109 35 0
26 15 0
72 20 0
126 22 0
126 135 0
78 82 0
39 72 0
131 121 0
147 29 0
18 81 0
121 149 0
144 134 0
30 55 0
141 138 0
141 68 0
2 114 0
87 30 0
135 115 0
14 45 0
58 91 0
126 96 0
13 106 0
118 98 0
52 114 0
29 69 0
97 149 0
119 90 0
34 149 0
38 88 0
46 92 0
52 34 0
148 36 0
80 107 0
29 108 0
104 41 0
115 71 0
40 16 0
87 68 0
137 33 0
118 105 0
24 54 0
31 43 0
58 76 0
36 109 0
110 58 0
93 28 0
116 121 0
63 2 0
17 30 0
124 55 0
114 92 0
10 137 0
47 66 0
9 77 0
3 45 0
25 112 0
4 71 0
120 97 0
98 137 0
119 135 0
108 84 0
136 51 0
88 54 0
80 61 0
109 95 0
54 20 0
85 141 0
56 81 0
41 80 0
94 45 0
52 115 0
43 52 0
102 11 0
88 111 0
11 83 0
28 90 0
46 38 0
34 1 0
57 16 0
3 142 0
6 81 0
138 113 0
63 28 0
43 58 0
124 146 0
22 16 0
47 25 0
27 36 0
108 145 0
7 38 0
136 104 0
75 71 0
104 34 0
138 106 0
77 143 0
88 64 0
8 150 0
143 50 0
57 117 0
132 46 0
5 60 0
81 42 0
134 91 0
88 42 0
128 74 0
145 104 0
137 34 0
106 63 0
126 85 0
95 21 0
39 133 0
33 20 0
132 108 0
131 17 0
48 68 0
43 104 0
31 89 0
103 17 0
122 110 0
80 49 0
3 107 0
134 97 0
29 19 0
149 67 0
139 28 0
23 120 0
38 85 0
122 147 0
12 15 0
100 42 0
103 104 0
58 126 0
64 39 0
24 118 0
146 7 0
64 76 0
26 114 0
143 26 0
47 131 0
106 69 0
2 91 0
123 39 0
77 95 0
87 88 0
11 36 0
129 15 0
41 37 0
140 104 0
75 65 0
71 122 0
72 36 0
48 149 0
150 40 0
76 98 0
72 31 0
69 73 0
23 41 0
13 100 0
37 99 0
36 16 0
113 76 0
104 4 0
82 80 0
52 42 0
90 1 0
92 115 0
48 58 0
137 122 0
99 51 0
71 37 0
149 10 0
136 86 0
77 150 0
56 144 0
109 124 0
48 62 0
67 39 0
114 106 0
29 55 0
119 71 0
128 7 0
43 76 0
57 113 0
14 107 0
122 149 0
42 100 0
51 105 0
98 140 0
131 47 0
51 47 0
85 15 0
2 15 0
121 25 0
85 142 0
96 114 0
50 138 0
91 107 0
2 104 0
115 26 0
5 59 0
125 55 0
13 104 0
62 12 0
145 42 0
88 97 0
111 141 0
112 134 0
67 98 0
61 24 0
51 1 0
32 53 0
6 49 0
130 10 0
107 104 0
116 21 0
109 27 0
84 103 0
68 44 0
50 57 0
43 62 0
99 4 0
45 16 0
3 71 0
27 115 0
147 130 0
17 80 0
84 22 0
128 63 0
84 136 0
68 49 0
6 79 0
128 142 0
83 45 0
87 132 0
4 129 0
96 102 0
34 140 0
117 36 0
113 46 0
52 109 0
77 120 0
90 10 0
142 68 0
124 127 0
105 41 0
25 13 0
4 52 0
99 90 0
121 30 0
72 124 0
92 34 0
44 49 0
15 133 0
58 6 0
102 31 0
34 57 0
123 58 0
121 92 0
112 124 0
45 112 0
115 129 0
115 85 0
61 121 0
146 82 0
67 66 0
28 110 0
114 42 0
144 73 0
99 148 0
5 132 0
106 128 0
40 76 0
121 53 0
49 67 0
14 65 0
45 128 0
150 42 0
138 146 0
25 106 0
113 104 0
65 129 0
146 111 0
51 94 0
76 63 0
85 17 0
138 107 0
69 88 0
23 82 0
54 119 0
111 105 0
126 12 0
48 15 0
7 124 0
121 120 0
78 87 0
98 73 0
99 50 0
68 56 0
7 143 0
20 143 0
9 59 0
99 77 0
48 23 0
60 102 0
142 72 0
108 19 0
84 58 0
33 90 0
31 55 0
111 10 0
44 110 0
134 142 0
62 52 0
100 120 0
44 119 0
113 105 0
80 113 0
83 127 0
38 143 0
130 29 0
116 88 0
99 101 0
145 33 0
41 77 0
88 53 0
139 131 0
65 122 0
24 126 0
75 123 0
144 109 0
125 73 0
72 57 0
101 109 0
101 81 0
39 119 0
70 39 0
69 116 0
71 11 0
64 30 0
40 128 0
54 64 0
5 128 0
88 99 0
148 81 0
58 24 0
55 31 0
81 58 0
41 83 0
51 109 0
19 120 0
74 89 0
130 115 0
149 95 0
47 38 0
72 100 0
3 128 0
129 91 0
77 127 0
73 134 0
52 30 0
66 132 0
87 106 0
117 126 0
86 17 0
84 104 0
38 59 0
42 70 0
23 40 0
14 121 0
130 138 0
122 34 0
115 101 0
26 41 0
129 99 0
30 141 0
64 116 0
148 30 0
91 83 0
98 76 0
88 38 0
134 32 0
107 58 0
123 120 0
29 4 0
9 52 0
38 124 0
2 63 0
62 92 0
86 125 0
109 84 0
56 49 0
68 55 0
26 6 0
92 9 0
89 48 0
119 61 0
70 49 0
65 78 0
100 4 0
103 4 0
66 19 0
35 31 0
114 96 0
122 49 0
122 133 0
132 79 0
83 102 0
134 109 0
9 127 0
19 97 0
77 137 0
59 146 0
35 123 0
125 135 0
126 130 0
138 94 0
148 74 0
124 111 0
20 147 0
61 43 0
129 43 0
24 62 0
35 90 0
150 13 0
77 58 0
60 13 0
83 35 0
49 110 0
14 36 0
53 63 0
12 78 0
75 31 0
75 135 0
125 105 0
79 50 0
68 26 0
108 139 0
79 45 0
131 130 0
57 109 0
121 22 0
53 20 0
33 118 0
107 86 0
82 118 0
65 58 0
50 41 0
146 23 0
126 115 0
48 136 0
6 29 0
82 136 0
8 40 0
6 116 0
37 53 0
129 46 0
40 60 0
65 104 0
117 17 0
47 61 0
93 94 0
135 120 0
58 84 0
7 63 0
112 88 0
100 22 0
128 43 0
118 35 0
61 40 0
47 97 0
92 25 0
44 33 0
85 109 0
38 103 0
125 84 0
13 119 0
27 147 0
88 137 0
81 147 0
101 94 0
115 113 0
93 135 0
50 55 0
24 96 0
54 17 0
22 97 0
49 8 0
55 86 0
111 29 0
147 150 0
22 137 0
136 4 0
35 87 0
97 20 0
137 114 0
35 131 0
98 136 0
88 121 0
133 141 0
12 142 0
74 24 0
72 145 0
48 121 0
47 69 0
9 32 0
124 43 0
20 123 0
114 58 0
86 148 0
91 85 0
133 28 0
55 115 0
18 93 0
21 6 0
29 84 0
49 4 0
107 121 0
149 4 0
143 97 0
125 1 0
30 98 0
95 50 0
9 57 0
108 99 0
43 142 0
9 97 0
91 29 0
103 21 0
112 1 0
25 68 0
23 75 0
71 67 0
21 97 0
67 50 0
97 63 0
1 68 0
23 10 0
27 32 0
10 69 0
23 90 0
68 31 0
36 8 0
81 72 0
41 105 0
41 115 0
81 14 0
32 101 0
110 150 0
52 56 0
63 105 0
124 137 0
16 52 0
18 25 0
120 92 0
114 89 0
25 52 0
149 135 0
91 79 0
109 131 0
33 149 0
96 113 0
115 122 0
126 68 0
79 90 0
22 104 0
128 37 0
114 27 0
139 129 0
17 65 0
30 15 0
49 121 0
93 59 0
3 27 0
58 150 0
41 121 0
144 4 0
78 123 0
85 83 0
19 48 0
11 59 0
78 27 0
123 10 0
42 74 0
32 36 0
132 34 0
63 91 0
34 5 0
62 61 0
62 55 0
116 36 0
29 13 0
83 107 0
37 17 0
116 101 0
16 44 0
29 40 0
15 136 0
8 49 0
19 122 0
139 104 0
126 102 0
67 37 0
59 84 0
148 57 0
43 34 0
73 133 0
141 91 0
135 58 0
36 66 0
97 140 0
89 14 0
125 96 0
62 143 0
119 102 0
149 147 0
106 117 0
50 59 0
2 48 0
115 45 0
133 89 0
79 123 0
29 116 0
30 116 0
105 21 0
42 79 0
19 5 0
106 24 0
35 61 0
140 120 0
126 91 0
28 128 0
138 44 0
74 23 0
132 54 0
145 63 0
19 77 0
28 3 0
105 133 0
24 146 0
113 42 0
150 86 0
80 7 0
109 115 0
120 98 0
84 147 0
91 111 0
124 130 0
56 47 0
2 37 0
3 147 0
1 73 0
73 29 0
76 79 0
63 99 0
126 25 0
42 27 0
13 121 0
33 23 0
85 54 0
121 70 0
51 113 0
92 137 0
123 94 0
76 27 0
142 76 0
99 64 0
6 24 0
44 120 0
122 19 0
47 65 0
45 59 0
36 129 0
81 22 0
33 103 0
92 83 0
65 23 0
10 32 0
2 85 0
58 143 0
108 120 0
89 106 0
19 135 0
20 115 0
43 55 0
93 26 0
77 125 0
128 18 0
92 19 0
3 101 0
50 4 0
87 10 0
68 5 0
20 149 0
104 75 0
145 124 0
39 37 0
28 131 0
114 6 0
106 144 0
75 116 0
88 17 0
134 90 0
19 86 0
145 8 0
95 42 0
58 12 0
46 129 0
10 50 0
86 114 0
124 80 0
19 68 0
74 51 0
27 148 0
17 114 0
66 52 0
105 85 0
137 99 0
92 133 0
140 51 0
29 56 0
136 16 0
148 59 0
74 16 0
126 20 0
49 101 0
99 138 0
91 14 0
40 98 0
150 78 0
46 143 0
61 88 0
43 54 0
24 123 0
11 62 0
139 81 0
72 136 0
41 146 0
53 69 0
67 3 0
19 136 0
130 19 0
26 123 0
85 65 0
70 84 0
129 104 0
104 73 0
60 30 0
46 70 0
91 86 0
53 12 0
71 145 0
59 25 0
27 134 0
13 59 0
2 38 0
31 138 0
4 100 0
72 99 0
18 102 0
53 24 0
135 45 0
4 37 0
56 126 0
84 17 0
52 146 0
43 79 0
129 107 0
39 33 0
46 69 0
20 49 0
148 87 0
94 102 0
110 20 0
115 64 0
108 144 0
38 66 0
119 121 0
134 21 0
18 78 0
1 49 0
35 91 0
81 80 0
61 2 0
31 32 0
47 80 0
118 42 0
83 130 0
95 149 0
47 105 0
44 136 0
20 64 0
106 3 0
84 26 0
80 136 0
96 38 0
109 28 0
69 5 0
107 89 0
47 91 0
120 107 0
137 64 0
7 85 0
18 50 0
71 89 0
114 78 0
143 99 0
5 73 0
137 78 0
140 114 0
35 137 0
54 46 0
102 22 0
60 148 0
7 150 0
85 116 0
17 57 0
55 32 0
134 47 0
32 41 0
21 70 0
118 11 0
86 55 0
147 139 0
110 103 0
84 72 0
3 46 0
54 61 0
45 100 0
125 31 0
66 43 0
87 120 0
126 123 0
68 8 0
13 89 0
1 64 0
138 49 0
52 139 0
92 45 0
37 146 0
142 90 0
56 88 0
92 82 0
21 7 0
125 107 0
28 100 0
131 95 0
9 45 0
85 138 0
129 137 0
51 116 0
36 5 0
7 48 0
68 150 0
144 6 0
145 135 0
147 102 0
125 88 0
33 145 0
3 23 0
9 36 0
20 69 0
80 6 0
56 110 0
143 9 0
76 80 0
13 134 0
127 132 0
35 121 0
39 81 0
7 35 0
32 131 0
123 64 0
123 30 0
43 131 0
65 114 0
119 7 0
6 13 0
144 79 0
112 52 0
143 52 0
132 51 0
86 13 0
32 110 0
76 110 0
130 48 0
80 105 0
37 31 0
1 5 0
70 103 0
40 63 0
83 57 0
85 96 0
108 129 0
147 141 0
3 113 0
94 130 0
72 73 0
146 61 0
119 32 0
91 21 0
88 29 0
78 59 0
127 108 0
139 10 0
126 70 0
144 128 0
84 87 0
10 5 0
61 89 0
19 56 0
149 138 0
139 90 0
8 76 0
20 138 0
6 60 0
121 35 0
69 135 0
20 57 0
144 146 0
126 137 0
25 111 0
125 34 0
18 35 0
122 36 0
142 121 0
75 130 0
112 135 0
108 33 0
24 144 0
137 81 0
53 108 0
115 121 0
92 135 0
80 85 0
124 4 0
22 26 0
83 97 0
58 44 0
133 15 0
129 6 0
8 115 0
86 112 0
72 51 0
134 65 0
35 63 0
52 66 0
72 25 0
121 139 0
24 60 0
38 53 0
92 95 0
149 74 0
109 29 0
79 18 0
143 67 0
31 65 0
117 14 0
31 53 0
129 82 0
118 50 0
8 140 0
90 84 0
50 64 0
43 72 0
7 80 0
124 1 0
76 24 0
126 34 0
52 55 0
103 97 0
63 139 0
101 93 0
41 79 0
25 60 0
30 84 0
49 119 0
17 150 0
32 112 0
93 97 0
142 19 0
120 118 0
104 74 0
22 57 0
20 44 0
143 82 0
84 93 0
21 100 0
85 102 0
86 35 0
35 3 0
145 6 0
51 136 0
103 29 0
146 26 0
137 67 0
121 130 0
50 54 0
72 125 0
79 145 0
127 65 0
100 16 0
65 134 0
70 30 0
87 41 0
50 12 0
113 2 0
40 10 0
80 27 0
128 50 0
6 27 0
104 77 0
53 32 0
71 81 0
97 17 0
44 98 0
84 109 0
81 55 0
40 70 0
119 126 0
137 124 0
123 26 0
35 52 0
52 12 0
102 109 0
90 55 0
36 143 0
138 8 0
125 136 0
76 19 0
83 61 0
29 65 0
116 68 0
37 136 0
43 48 0
107 81 0
22 79 0
106 56 0
131 60 0
68 134 0
18 7 0
51 77 0
113 78 0
115 90 0
96 47 0
53 26 0
14 70 0
145 50 0
55 89 0
97 11 0
19 20 0
141 124 0
76 121 0
33 45 0
104 51 0
103 43 0
57 56 0
22 19 0
133 136 0
11 130 0
84 63 0
5 97 0
48 88 0
139 145 0
150 7 0
14 140 0
130 141 0
13 65 0
87 18 0
113 73 0
147 134 0
144 129 0
119 56 0
108 104 0
118 14 0
103 1 0
64 150 0
88 104 0
144 87 0
128 141 0
102 140 0
107 39 0
60 123 0
130 22 0
98 126 0
5 91 0
6 25 0
146 15 0
128 15 0
15 45 0
132 4 0
142 107 0
86 119 0
149 90 0
11 106 0
128 70 0
78 9 0
91 77 0
36 147 0
69 41 0
73 116 0
55 50 0
130 134 0
28 13 0
39 92 0
33 27 0
113 31 0
18 123 0
136 47 0
94 116 0
94 90 0
82 13 0
32 4 0
128 86 0
105 10 0
121 38 0
126 43 0
149 60 0
121 111 0
142 138 0
135 30 0
34 78 0
47 88 0
65 140 0
79 48 0
2 110 0
103 32 0
97 58 0
93 119 0
18 1 0
106 45 0
19 147 0
52 4 0
26 85 0
133 72 0
74 48 0
62 54 0
95 115 0
13 48 0
7 140 0
129 55 0
39 48 0
55 46 0
144 149 0
52 149 0
63 71 0
145 114 0
126 73 0
100 108 0
57 107 0
128 54 0
72 42 0
3 119 0
52 61 0
109 82 0
115 49 0
31 72 0
94 24 0
122 146 0
74 35 0
118 121 0
50 93 0
43 150 0
102 36 0
74 61 0
45 104 0
114 116 0
145 18 0
82 94 0
44 113 0
67 138 0
38 39 0
35 112 0
125 54 0
48 124 0
75 149 0
61 51 0
4 126 0
122 50 0
143 108 0
50 122 0
118 49 0
146 86 0
88 33 0
124 122 0
24 124 0
24 63 0
148 135 0
110 41 0
28 54 0
35 145 0
4 82 0
81 91 0
115 106 0
114 10 0
106 40 0
137 129 0
13 138 0
128 89 0
102 28 0
125 21 0
80 84 0
113 84 0
140 12 0
138 18 0
12 121 0
6 144 0
61 22 0
100 25 0
116 69 0
85 31 0
57 62 0
119 60 0
89 93 0
80 71 0
78 42 0
4 120 0
105 43 0
19 50 0
94 76 0
44 56 0
97 45 0
132 29 0
1 98 0
98 85 0
30 56 0
48 50 0
115 39 0
44 45 0
109 121 0
138 14 0
90 145 0
57 128 0
118 127 0
28 113 0
52 123 0
69 150 0
78 69 0
149 77 0
55 80 0
132 102 0
129 97 0
141 150 0
44 30 0
14 134 0
24 122 0
13 43 0
98 92 0
5 51 0
64 23 0
2 132 0
74 131 0
102 124 0
53 39 0
10 31 0
135 51 0
104 27 0
51 147 0
32 132 0
25 86 0
136 29 0
38 102 0
103 39 0
71 87 0
103 128 0
144 5 0
17 3 0
87 53 0
54 40 0
19 109 0
14 43 0
96 150 0
124 133 0
101 128 0
73 85 0
108 45 0
73 60 0
23 67 0
117 39 0
91 24 0
145 72 0
29 83 0
109 51 0
52 128 0
9 118 0
72 104 0
117 97 0
138 119 0
75 112 0
105 32 0
143 81 0
146 109 0
119 116 0
64 111 0
140 58 0
33 70 0
42 141 0
121 93 0
20 31 0
60 92 0
38 24 0
98 14 0
45 96 0
132 90 0
48 46 0
144 111 0
6 35 0
70 90 0
105 111 0
133 127 0
106 2 0
7 67 0
93 43 0
67 144 0
98 91 0
3 131 0
9 129 0
142 130 0
89 61 0
74 104 0
105 78 0
49 100 0
120 95 0
132 88 0
121 100 0
76 31 0
131 50 0
85 122 0
82 76 0
84 105 0
122 38 0
65 143 0
34 46 0
133 24 0
125 29 0
112 143 0
93 3 0
112 73 0
105 99 0
96 36 0
76 29 0
140 147 0
140 99 0
41 128 0
67 129 0
109 101 0
76 143 0
124 50 0
73 137 0
95 150 0
68 89 0
55 82 0
63 9 0
82 8 0
96 59 0
55 77 0
137 148 0
113 23 0
80 123 0
25 58 0
17 149 0
9 90 0
135 103 0
89 105 0
41 45 0
88 103 0
105 19 0
12 50 0
77 2 0
130 74 0
82 86 0
26 97 0
11 7 0
69 35 0
64 138 0
85 73 0
77 70 0
25 67 0
76 118 0
112 13 0
122 66 0
83 36 0
18 61 0
37 105 0
93 16 0
81 77 0
4 106 0
23 14 0
100 78 0
130 35 0
104 76 0
25 81 0
95 38 0
5 25 0
4 22 0
85 92 0
29 79 0
9 11 0
5 12 0
116 79 0
25 129 0
72 27 0
108 103 0
61 107 0
9 66 0
146 29 0
122 88 0
14 52 0
148 150 0
143 78 0
78 54 0
88 135 0
65 105 0
115 142 0
139 78 0
143 35 0
133 138 0
116 6 0
127 112 0
131 140 0
66 30 0
41 110 0
13 44 0
4 130 0
50 119 0
127 96 0
117 77 0
46 11 0
112 80 0
148 77 0
85 26 0
90 66 0
15 57 0
147 55 0
17 104 0
74 81 0
49 130 0
60 99 0
150 30 0
133 107 0
69 11 0
53 87 0
87 150 0
80 146 0
26 66 0
21 18 0
33 87 0
74 30 0
43 90 0
35 19 0
73 83 0
148 132 0
83 49 0
64 65 0
127 109 0
121 116 0
109 67 0
65 90 0
57 135 0
108 90 0
72 83 0
21 16 0
23 55 0
34 147 0
137 83 0
131 41 0
36 136 0
30 104 0
95 75 0
34 2 0
112 43 0
143 33 0
100 102 0
67 134 0
98 53 0
66 75 0
24 47 0
116 112 0
84 92 0
26 27 0
136 55 0
33 148 0
148 127 0
28 120 0
20 55 0
34 119 0
6 100 0
102 103 0
55 70 0
28 130 0
18 45 0
91 101 0
29 23 0
20 61 0
72 70 0
90 98 0
33 82 0
141 52 0
137 24 0
73 142 0
124 76 0
95 80 0
145 24 0
59 12 0
120 150 0
14 7 0
17 43 0
81 89 0
5 54 0
60 146 0
115 34 0
143 105 0
138 31 0
30 112 0
134 84 0
94 95 0
121 12 0
105 103 0
2 11 0
6 61 0
7 59 0
24 23 0
93 69 0
29 132 0
99 58 0
93 23 0
113 129 0
93 148 0
62 36 0
92 59 0
121 74 0
53 75 0
26 54 0
85 84 0
17 143 0
142 92 0
10 43 0
117 11 0
33 115 0
142 28 0
14 105 0
115 8 0
65 17 0
146 35 0
90 48 0
11 116 0
4 148 0
101 72 0
140 92 0
78 23 0
99 96 0
85 101 0
117 100 0
144 131 0
54 109 0
40 119 0
27 35 0
135 66 0
81 40 0
115 31 0
111 104 0
99 109 0
99 33 0
111 57 0
6 45 0
58 60 0
55 97 0
80 81 0
33 36 0
3 29 0
108 117 0
112 120 0
71 136 0
145 132 0
142 139 0
28 103 0
46 79 0
30 51 0
123 139 0
12 80 0
85 143 0
10 19 0
81 108 0
88 83 0
39 97 0
50 150 0
67 22 0
37 113 0
3 77 0
107 145 0
62 28 0
115 87 0
16 28 0
73 129 0
20 3 0
87 107 0
85 27 0
54 134 0
26 22 0
57 114 0
36 60 0
92 44 0
106 58 0
80 104 0
131 34 0
31 146 0
113 98 0
147 35 0
77 16 0
37 13 0
25 122 0
91 130 0
7 18 0
131 88 0
25 124 0
131 32 0
31 112 0
37 100 0
133 60 0
84 59 0
75 121 0
123 99 0
144 63 0
78 150 0
80 130 0
115 112 0
67 41 0
85 100 0
124 17 0
61 10 0
19 117 0
26 105 0
4 36 0
148 88 0
58 20 0
125 51 0
134 105 0
102 115 0
84 119 0
76 53 0
61 62 0
54 35 0
44 148 0
133 122 0
103 36 0
112 106 0
71 12 0
43 118 0
136 2 0
137 110 0
104 120 0
116 108 0
76 61 0
4 136 0
122 57 0
72 3 0
1 106 0
139 103 0
141 100 0
110 113 0
111 3 0
80 148 0
4 66 0
87 125 0
117 20 0
76 42 0
80 79 0
79 103 0
37 1 0
106 11 0
110 9 0
23 20 0
123 103 0
17 29 0
70 26 0
38 7 0
53 4 0
26 128 0
97 8 0
57 77 0
110 93 0
77 117 0
103 146 0
124 121 0
53 83 0
129 60 0
54 1 0
131 26 0
5 147 0
54 75 0
75 143 0
146 60 0
104 144 0
67 62 0
71 79 0
57 49 0
45 9 0
45 71 0
3 9 0
58 108 0
62 38 0
134 66 0
87 89 0
39 129 0
84 44 0
123 150 0
8 43 0
130 64 0
124 37 0
147 5 0
36 51 0
13 145 0
132 83 0
135 63 0
107 75 0
42 40 0
20 14 0
91 27 0
108 123 0
142 100 0
49 116 0
39 45 0
120 126 0
95 34 0
22 5 0
10 106 0
80 128 0
133 64 0
92 141 0
138 133 0
30 60 0
86 57 0
145 130 0
7 95 0
95 97 0
139 116 0
124 135 0
51 145 0
140 112 0
3 37 0
12 82 0
66 47 0
146 8 0
37 35 0
42 119 0
43 82 0
146 89 0
61 54 0
33 5 0
150 21 0
22 25 0
57 124 0
20 46 0
86 22 0
135 149 0
45 150 0
109 134 0
35 1 0
4 128 0
59 85 0
36 21 0
41 68 0
77 92 0
140 98 0
117 98 0
57 11 0
131 4 0
11 90 0
90 42 0
41 35 0
67 76 0
55 107 0
45 132 0
49 86 0
131 15 0
33 104 0
52 130 0
12 110 0
9 69 0
22 42 0
72 32 0
131 12 0
128 122 0
53 104 0
104 145 0
40 20 0
29 16 0
3 10 0
143 87 0
67 27 0
55 127 0
147 128 0
18 120 0
10 148 0
131 39 0
21 85 0
142 124 0
79 83 0
46 50 0
79 74 0
117 107 0
150 119 0
116 44 0
55 131 0
41 23 0
7 147 0
150 55 0
24 133 0
67 4 0
140 117 0
113 68 0
50 8 0
117 128 0
81 135 0
84 132 0
103 102 0
77 59 0
82 117 0
113 81 0
96 86 0
121 65 0
24 44 0
54 13 0
10 16 0
80 111 0
75 98 0
140 5 0
134 74 0
38 86 0
77 114 0
46 8 0
49 94 0
11 144 0
81 10 0
14 51 0
126 37 0
101 58 0
96 82 0
18 20 0
81 8 0
76 64 0
51 59 0
27 68 0
104 37 0
113 87 0
64 35 0
4 14 0
92 100 0
147 11 0
21 77 0
70 97 0
111 40 0
12 141 0
135 31 0
1 63 0
100 112 0
145 99 0
139 33 0
22 52 0
67 78 0
117 60 0
39 42 0
97 80 0
146 110 0
119 59 0
100 6 0
142 2 0
60 17 0
103 54 0
18 91 0
87 91 0
45 55 0
18 63 0
45 18 0
30 43 0
98 77 0
2 66 0
71 29 0
57 139 0
19 116 0
57 23 0
72 74 0
16 60 0
67 112 0
114 84 0
24 130 0
118 126 0
21 50 0
70 20 0
126 72 0
85 13 0
74 58 0
41 130 0
98 112 0
148 56 0
36 69 0
32 51 0
12 143 0
31 88 0
90 142 0
139 12 0
41 111 0
32 18 0
81 7 0
75 24 0
37 88 0
129 72 0
58 10 0
123 87 0
107 36 0
79 40 0
147 94 0
54 59 0
105 137 0
76 88 0
111 83 0
120 129 0
113 92 0
65 121 0
30 46 0
50 17 0
70 46 0
12 46 0
135 117 0
6 141 0
103 81 0
78 49 0
34 54 0
86 105 0
6 56 0
84 20 0
49 50 0
43 78 0
95 104 0
120 103 0
92 131 0
50 128 0
97 55 0
119 101 0
135 46 0
150 116 0
136 33 0
71 123 0
80 122 0
50 129 0
22 92 0
108 116 0
46 141 0
64 67 0
146 6 0
100 45 0
35 98 0
100 55 0
101 136 0
3 100 0
4 138 0
34 74 0
12 72 0
104 92 0
44 4 0
122 117 0
95 79 0
134 42 0
122 48 0
11 117 0
105 12 0
109 64 0
44 59 0
50 46 0
60 53 0
28 148 0
67 34 0
89 12 0
30 33 0
41 13 0
127 64 0
60 137 0
82 66 0
148 144 0
55 8 0
119 9 0
97 28 0
61 83 0
23 140 0
80 141 0
23 71 0
54 111 0
130 83 0
144 72 0
135 109 0
8 66 0
24 57 0
64 19 0
27 127 0
112 139 0
128 41 0
78 53 0
111 33 0
13 142 0
17 58 0
64 13 0
121 40 0
114 145 0
96 75 0
124 62 0
93 5 0
145 21 0
33 8 0
9 144 0
43 38 0
54 5 0
141 70 0
114 54 0
4 105 0
134 19 0
1 132 0
145 27 0
43 139 0
83 89 0
9 115 0
10 41 0
54 95 0
63 144 0
94 18 0
50 85 0
140 13 0
40 124 0
9 95 0
130 143 0
113 33 0
124 9 0
6 5 0
7 4 0
21 17 0
13 9 0
78 71 0
135 132 0
129 26 0
136 143 0
58 11 0
2 18 0
78 148 0
60 135 0
3 66 0
139 75 0
82 85 0
103 72 0
142 97 0
93 127 0
130 86 0
120 108 0
111 7 0
101 70 0
17 102 0
87 94 0
1 146 0
78 55 0
114 118 0
130 97 0
93 98 0
4 97 0
72 47 0
43 14 0
99 44 0
102 132 0
31 118 0
135 20 0
113 38 0
15 93 0
92 30 0
60 71 0
127 14 0
3 69 0
111 58 0
68 32 0
104 110 0
72 66 0
7 24 0
99 89 0
43 136 0
108 6 0
23 25 0
98 114 0
72 141 0
1 33 0
48 120 0
79 11 0
29 15 0
108 3 0
132 114 0
78 132 0
117 62 0
125 41 0
86 124 0
33 143 0
71 104 0
38 82 0
92 4 0
134 72 0
66 13 0
138 23 0
67 119 0
38 144 0
101 141 0
113 67 0
104 88 0
113 66 0
80 145 0
1 144 0
127 17 0
88 8 0
24 76 0
82 90 0
96 21 0
83 46 0
64 98 0
15 17 0
87 24 0
141 37 0
44 100 0
88 44 0
93 111 0
133 121 0
127 76 0
80 116 0
83 6 0
93 67 0
87 80 0
136 150 0
79 52 0
69 15 0
127 124 0
63 117 0
10 8 0
66 97 0
103 60 0
109 86 0
30 137 0
11 12 0
102 145 0
69 97 0
61 65 0
37 50 0
46 74 0
101 124 0
28 19 0
138 4 0
44 103 0
121 105 0
110 88 0
103 63 0
148 61 0
148 79 0
47 60 0
142 51 0
54 60 0
49 17 0
125 137 0
118 20 0
60 68 0
91 32 0
135 113 0
137 95 0
50 89 0
59 99 0
80 98 0
17 71 0
50 70 0
138 7 0
78 46 0
132 63 0
6 124 0
146 42 0
138 132 0
38 90 0
123 96 0
90 24 0
53 19 0
23 69 0
41 24 0
72 28 0
30 6 0
35 107 0
103 11 0
132 84 0
110 120 0
28 149 0
102 118 0
88 74 0
149 116 0
98 21 0
86 89 0
93 126 0
112 15 0
56 43 0
72 90 0
52 24 0
2 33 0
71 20 0
19 46 0
117 8 0
92 132 0
123 86 0
2 65 0
81 73 0
56 132 0
66 59 0
32 136 0
130 126 0
38 50 0
22 4 0
58 94 0
126 106 0
41 76 0
137 43 0
42 67 0
17 97 0
101 67 0
55 16 0
27 86 0
54 58 0
61 91 0
108 134 0
130 133 0
8 144 0
15 36 0
1 133 0
36 93 0
58 22 0
140 106 0
97 90 0
22 53 0
106 100 0
138 61 0
7 101 0
53 16 0
84 100 0
82 63 0
108 149 0
27 108 0
131 62 0
103 91 0
