1 1 1
2 2 1
3 3 1
4 4 1
5 5 1
6 6 1
7 7 1
8 8 1
9 9 1
10 10 1
11 11 1
12 12 1
13 13 1
14 14 1
15 15 1
16 16 1
17 17 1
18 18 1
19 19 1
20 20 1
21 21 1
22 22 1
23 23 1
24 24 1
25 25 1
26 26 1
27 27 1
28 28 1
29 29 1
30 30 1
31 31 1
32 32 1
33 33 1
34 34 1
35 35 1
36 36 1
37 37 1
38 38 1
39 39 1
40 40 1
41 41 1
42 42 1
43 43 1
44 44 1
45 45 1
46 46 1
47 47 1
48 48 1
49 49 1
50 50 1
51 51 1
52 52 1
53 53 1
54 54 1
55 55 1
56 56 1
57 57 1
58 58 1
59 59 1
60 60 1
42 25 0
4 15 0
44 28 0
30 60 0
36 11 0
48 35 0
40 37 0
23 41 0
4 9 0
40 12 0
40 13 0
22 9 0
26 23 0
31 34 0
37 31 0
13 19 0
56 8 0
25 31 0
27 47 0
30 2 0
57 9 0
36 37 0
37 51 0
9 40 0
51 48 0
52 30 0
53 13 0
38 18 0
27 60 0
51 4 0
31 55 0
14 18 0
2 38 0
48 28 0
24 9 0
22 13 0
9 49 0
49 45 0
39 57 0
17 29 0
36 60 0
58 28 0
4 35 0
38 30 0
27 28 0
25 57 0
15 38 0
6 16 0
8 45 0
44 23 0
53 57 0
35 1 0
45 15 0
37 24 0
3 53 0
52 39 0
52 42 0
58 47 0
8 35 0
17 34 0
55 41 0
30 9 0
11 35 0
24 18 0
19 59 0
32 3 0
55 59 0
55 40 0
13 32 0
55 16 0
16 46 0
54 60 0
19 51 0
46 27 0
26 54 0
60 12 0
35 22 0
20 37 0
48 43 0
46 59 0
34 17 0
1 28 0
15 56 0
59 20 0
19 45 0
35 34 0
31 20 0
25 41 0
2 11 0
7 27 0
4 59 0
20 49 0
6 7 0
24 43 0
5 57 0
60 58 0
16 6 0
45 7 0
17 3 0
28 13 0
2 53 0
54 4 0
3 52 0
22 58 0
50 52 0
20 1 0
40 17 0
8 3 0
60 4 0
53 7 0
56 37 0
39 55 0
55 7 0
8 49 0
51 53 0
52 45 0
44 13 0
42 34 0
4 1 0
34 36 0
10 33 0
29 21 0
59 21 0
19 46 0
58 23 0
50 36 0
9 37 0
34 16 0
25 24 0
8 16 0
8 44 0
20 42 0
17 16 0
34 42 0
51 43 0
7 20 0
51 35 0
32 41 0
55 50 0
27 44 0
4 16 0
12 13 0
44 45 0
20 8 0
1 20 0
15 60 0
3 27 0
33 11 0
42 59 0
52 32 0
33 50 0
43 16 0
24 15 0
56 11 0
56 22 0
30 5 0
42 31 0
13 34 0
50 19 0
25 44 0
45 50 0
54 26 0
48 38 0
49 20 0
27 32 0
35 51 0
38 31 0
53 33 0
44 38 0
24 5 0
10 8 0
58 14 0
41 39 0
32 57 0
23 9 0
46 8 0
26 25 0
45 12 0
38 11 0
54 15 0
33 38 0
39 9 0
15 3 0
13 49 0
29 22 0
56 18 0
57 59 0
17 11 0
59 54 0
10 24 0
19 55 0
30 55 0
58 7 0
57 43 0
13 30 0
20 52 0
38 26 0
54 42 0
15 14 0
56 2 0
32 22 0
22 20 0
12 38 0
22 10 0
34 49 0
35 14 0
2 32 0
48 14 0
53 59 0
57 30 0
25 50 0
3 31 0
56 58 0
32 27 0
12 53 0
46 23 0
22 7 0
33 53 0
29 58 0
33 46 0
52 60 0
31 39 0
59 23 0
37 55 0
44 1 0
37 38 0
23 32 0
28 55 0
58 39 0
39 35 0
1 53 0
33 25 0
45 1 0
14 9 0
46 6 0
60 37 0
50 30 0
7 40 0
44 43 0
35 19 0
36 3 0
49 58 0
49 46 0
7 21 0
11 43 0
21 24 0
51 59 0
21 43 0
27 3 0
12 33 0
42 48 0
15 8 0
58 42 0
40 27 0
53 15 0
49 38 0
24 35 0
49 34 0
17 2 0
49 60 0
52 2 0
42 18 0
56 45 0
50 29 0
24 56 0
37 14 0
51 9 0
5 44 0
23 45 0
21 44 0
6 36 0
10 46 0
1 19 0
47 50 0
18 30 0
43 51 0
47 38 0
6 51 0
24 34 0
56 1 0
4 46 0
1 60 0
21 15 0
36 34 0
58 41 0
9 60 0
27 2 0
18 5 0
43 27 0
27 25 0
17 13 0
54 43 0
33 51 0
25 56 0
25 12 0
48 20 0
58 48 0
11 10 0
54 46 0
35 44 0
19 36 0
43 37 0
37 60 0
41 19 0
26 7 0
12 28 0
18 33 0
44 18 0
45 33 0
57 55 0
35 42 0
33 1 0
25 51 0
36 7 0
27 12 0
58 59 0
22 23 0
58 56 0
48 1 0
23 56 0
36 33 0
20 6 0
58 3 0
15 43 0
28 3 0
29 54 0
54 9 0
43 22 0
7 9 0
33 5 0
60 47 0
19 57 0
42 7 0
49 57 0
2 24 0
21 13 0
21 18 0
15 35 0
52 34 0
19 12 0
12 56 0
34 19 0
4 58 0
15 55 0
43 18 0
6 24 0
46 26 0
36 6 0
8 60 0
47 27 0
12 59 0
31 23 0
54 56 0
53 47 0
44 29 0
12 27 0
38 34 0
49 43 0
58 35 0
60 25 0
40 34 0
7 12 0
60 15 0
11 38 0
33 14 0
29 3 0
29 14 0
58 1 0
3 42 0
40 39 0
2 43 0
57 31 0
16 45 0
19 4 0
30 59 0
38 36 0
2 29 0
42 4 0
59 6 0
18 27 0
60 38 0
40 57 0
38 35 0
31 9 0
13 24 0
3 12 0
55 32 0
60 55 0
52 33 0
58 50 0
39 7 0
8 38 0
44 48 0
27 14 0
22 49 0
22 26 0
12 5 0
34 6 0
3 18 0
57 5 0
21 51 0
14 20 0
16 57 0
52 6 0
39 22 0
12 46 0
52 56 0
33 10 0
9 46 0
58 22 0
11 9 0
26 36 0
54 3 0
17 14 0
53 45 0
28 58 0
56 43 0
54 47 0
40 32 0
1 52 0
18 44 0
39 42 0
53 39 0
28 42 0
60 30 0
6 48 0
37 59 0
42 53 0
4 26 0
29 31 0
23 16 0
6 9 0
3 45 0
32 55 0
28 49 0
38 6 0
23 22 0
44 42 0
3 36 0
53 8 0
16 29 0
58 57 0
14 2 0
15 34 0
32 29 0
29 44 0
14 1 0
30 33 0
41 7 0
39 3 0
20 14 0
36 14 0
