1 1 1
2 2 1
3 3 1
4 4 1
5 5 1
6 6 1
7 7 1
8 8 1
9 9 1
10 10 1
11 11 1
12 12 1
13 13 1
14 14 1
15 15 1
16 16 1
17 17 1
18 18 1
19 19 1
20 20 1
21 21 1
22 22 1
23 23 1
24 24 1
25 25 1
26 26 1
27 27 1
28 28 1
29 29 1
30 30 1
31 31 1
32 32 1
33 33 1
34 34 1
35 35 1
36 36 1
37 37 1
38 38 1
39 39 1
40 40 1
41 41 1
42 42 1
43 43 1
44 44 1
45 45 1
46 46 1
47 47 1
48 48 1
49 49 1
50 50 1
51 51 1
52 52 1
53 53 1
54 54 1
55 55 1
56 56 1
57 57 1
58 58 1
59 59 1
60 60 1
61 61 1
62 62 1
63 63 1
64 64 1
65 65 1
66 66 1
67 67 1
68 68 1
69 69 1
70 70 1
71 71 1
72 72 1
73 73 1
74 74 1
75 75 1
76 76 1
77 77 1
78 78 1
79 79 1
80 80 1
81 81 1
82 82 1
83 83 1
84 84 1
85 85 1
86 86 1
87 87 1
88 88 1
89 89 1
90 90 1
91 91 1
92 92 1
93 93 1
94 94 1
95 95 1
96 96 1
97 97 1
98 98 1
99 99 1
100 100 1
101 101 1
102 102 1
103 103 1
104 104 1
105 105 1
106 106 1
107 107 1
108 108 1
109 109 1
110 110 1
111 111 1
112 112 1
113 113 1
114 114 1
115 115 1
116 116 1
117 117 1
118 118 1
119 119 1
120 120 1
121 121 1
122 122 1
123 123 1
124 124 1
125 125 1
126 126 1
127 127 1
128 128 1
129 129 1
130 130 1
131 131 1
132 132 1
133 133 1
134 134 1
135 135 1
136 136 1
137 137 1
138 138 1
139 139 1
140 140 1
141 141 1
142 142 1
143 143 1
144 144 1
145 145 1
146 146 1
147 147 1
148 148 1
149 149 1
150 150 1
151 151 1
152 152 1
153 153 1
154 154 1
155 155 1
156 156 1
157 157 1
158 158 1
159 159 1
160 160 1
161 161 1
162 162 1
163 163 1
164 164 1
165 165 1
166 166 1
167 167 1
168 168 1
169 169 1
170 170 1
171 171 1
172 172 1
173 173 1
174 174 1
175 175 1
176 176 1
177 177 1
178 178 1
179 179 1
180 180 1
181 181 1
182 182 1
183 183 1
184 184 1
185 185 1
186 186 1
187 187 1
188 188 1
189 189 1
190 190 1
191 191 1
192 192 1
193 193 1
194 194 1
195 195 1
196 196 1
197 197 1
198 198 1
199 199 1
200 200 1
201 201 1
202 202 1
203 203 1
204 204 1
205 205 1
206 206 1
207 207 1
208 208 1
209 209 1
210 210 1
211 211 1
212 212 1
213 213 1
214 214 1
215 215 1
216 216 1
217 217 1
218 218 1
219 219 1
220 220 1
221 221 1
222 222 1
223 223 1
224 224 1
225 225 1
226 226 1
227 227 1
228 228 1
229 229 1
230 230 1
231 231 1
232 232 1
233 233 1
234 234 1
235 235 1
236 236 1
237 237 1
238 238 1
239 239 1
240 240 1
241 241 1
242 242 1
243 243 1
244 244 1
245 245 1
246 246 1
247 247 1
248 248 1
249 249 1
250 250 1
251 251 1
252 252 1
253 253 1
254 254 1
255 255 1
256 256 1
257 257 1
258 258 1
259 259 1
260 260 1
261 261 1
262 262 1
263 263 1
264 264 1
265 265 1
266 266 1
267 267 1
268 268 1
269 269 1
270 270 1
271 271 1
272 272 1
273 273 1
274 274 1
275 275 1
276 276 1
277 277 1
278 278 1
279 279 1
280 280 1
281 281 1
282 282 1
283 283 1
284 284 1
285 285 1
286 286 1
287 287 1
288 288 1
289 289 1
290 290 1
291 291 1
292 292 1
293 293 1
294 294 1
295 295 1
296 296 1
297 297 1
298 298 1
299 299 1
300 300 1
301 301 1
302 302 1
303 303 1
304 304 1
305 305 1
306 306 1
307 307 1
308 308 1
309 309 1
310 310 1
311 311 1
312 312 1
313 313 1
314 314 1
315 315 1
316 316 1
317 317 1
318 318 1
319 319 1
320 320 1
321 321 1
322 322 1
323 323 1
324 324 1
325 325 1
326 326 1
327 327 1
328 328 1
329 329 1
330 330 1
331 331 1
332 332 1
333 333 1
334 334 1
335 335 1
336 336 1
337 337 1
338 338 1
339 339 1
340 340 1
341 341 1
342 342 1
343 343 1
344 344 1
345 345 1
346 346 1
347 347 1
348 348 1
349 349 1
350 350 1
351 351 1
352 352 1
353 353 1
354 354 1
355 355 1
356 356 1
357 357 1
358 358 1
359 359 1
360 360 1
361 361 1
362 362 1
363 363 1
364 364 1
365 365 1
366 366 1
367 367 1
368 368 1
369 369 1
370 370 1
371 371 1
372 372 1
373 373 1
374 374 1
375 375 1
376 376 1
377 377 1
378 378 1
379 379 1
380 380 1
381 381 1
382 382 1
383 383 1
384 384 1
385 385 1
386 386 1
387 387 1
388 388 1
389 389 1
390 390 1
391 391 1
392 392 1
393 393 1
394 394 1
395 395 1
396 396 1
397 397 1
398 398 1
399 399 1
400 400 1
90 193 0
155 149 0
252 227 0
84 93 0
21 122 0
43 300 0
117 141 0
44 235 0
55 51 0
273 58 0
126 358 0
352 171 0
193 159 0
163 384 0
346 203 0
94 36 0
347 248 0
184 150 0
26 219 0
242 46 0
341 284 0
297 9 0
376 341 0
243 30 0
391 115 0
40 68 0
24 343 0
238 216 0
101 1 0
152 47 0
155 245 0
34 53 0
45 169 0
202 70 0
388 44 0
68 280 0
279 364 0
288 255 0
304 82 0
284 246 0
148 275 0
266 171 0
217 103 0
386 318 0
55 89 0
316 209 0
334 349 0
261 378 0
117 15 0
399 56 0
58 66 0
335 336 0
382 174 0
142 237 0
255 26 0
83 2 0
252 348 0
172 69 0
2 110 0
338 57 0
198 253 0
217 131 0
153 30 0
60 221 0
396 59 0
229 53 0
76 163 0
340 57 0
337 82 0
294 191 0
59 328 0
145 310 0
227 316 0
330 228 0
377 267 0
236 175 0
71 5 0
257 223 0
386 317 0
396 381 0
327 224 0
385 2 0
338 324 0
11 226 0
357 256 0
369 15 0
183 113 0
277 9 0
380 206 0
188 357 0
25 376 0
131 95 0
332 387 0
270 317 0
255 265 0
249 181 0
40 233 0
183 329 0
108 145 0
155 65 0
400 123 0
31 182 0
235 259 0
142 214 0
65 281 0
170 41 0
256 252 0
135 139 0
239 4 0
55 93 0
220 255 0
274 211 0
87 8 0
140 195 0
104 294 0
211 103 0
16 193 0
236 202 0
52 377 0
15 68 0
209 137 0
108 17 0
388 242 0
155 178 0
198 162 0
271 17 0
16 96 0
228 103 0
55 319 0
249 158 0
212 11 0
260 227 0
203 47 0
380 254 0
23 394 0
321 183 0
82 28 0
199 22 0
222 354 0
199 19 0
115 21 0
387 130 0
68 166 0
184 122 0
84 384 0
231 295 0
394 90 0
73 197 0
136 52 0
398 323 0
293 31 0
302 43 0
52 123 0
396 251 0
93 62 0
223 80 0
144 291 0
245 327 0
12 281 0
311 243 0
127 256 0
284 200 0
4 372 0
203 6 0
33 152 0
280 277 0
183 133 0
320 234 0
256 267 0
36 300 0
329 211 0
331 72 0
101 128 0
398 64 0
8 260 0
306 134 0
68 142 0
285 71 0
113 88 0
28 97 0
239 307 0
374 373 0
40 293 0
159 247 0
159 194 0
98 87 0
4 29 0
110 56 0
156 60 0
120 163 0
271 377 0
296 338 0
118 181 0
9 182 0
220 388 0
279 10 0
247 252 0
383 238 0
96 141 0
84 254 0
286 133 0
293 242 0
161 2 0
297 316 0
13 16 0
30 284 0
393 326 0
221 62 0
58 181 0
244 229 0
169 122 0
238 15 0
325 220 0
252 20 0
312 287 0
225 198 0
19 69 0
39 132 0
71 287 0
47 35 0
303 77 0
318 247 0
354 139 0
308 363 0
271 151 0
191 39 0
224 380 0
5 100 0
152 208 0
71 63 0
46 296 0
212 17 0
364 250 0
148 386 0
89 194 0
21 391 0
222 290 0
189 175 0
28 96 0
89 299 0
199 231 0
289 374 0
211 246 0
74 314 0
53 96 0
376 99 0
391 140 0
115 307 0
341 262 0
244 29 0
7 216 0
19 229 0
106 207 0
355 85 0
255 396 0
383 53 0
226 224 0
26 388 0
69 51 0
301 73 0
147 229 0
171 89 0
368 237 0
347 308 0
50 191 0
337 57 0
358 307 0
237 63 0
66 191 0
148 320 0
186 82 0
324 364 0
257 349 0
351 325 0
352 204 0
398 50 0
384 120 0
138 351 0
357 85 0
210 6 0
227 146 0
14 184 0
5 250 0
247 70 0
393 346 0
341 130 0
379 264 0
45 236 0
212 396 0
160 115 0
151 109 0
164 134 0
229 302 0
36 137 0
338 245 0
94 164 0
343 108 0
299 347 0
309 97 0
368 301 0
42 308 0
383 21 0
171 27 0
256 334 0
374 367 0
49 124 0
76 164 0
209 304 0
17 244 0
392 354 0
41 85 0
69 383 0
192 368 0
281 53 0
64 200 0
353 58 0
107 287 0
30 229 0
314 285 0
114 239 0
251 114 0
315 278 0
278 123 0
133 294 0
319 124 0
200 359 0
209 268 0
293 352 0
187 125 0
356 203 0
324 309 0
212 382 0
147 241 0
162 12 0
125 275 0
251 327 0
389 165 0
157 266 0
239 289 0
111 157 0
365 310 0
67 125 0
130 359 0
28 316 0
35 384 0
70 358 0
244 281 0
291 390 0
121 52 0
2 197 0
327 204 0
76 315 0
320 232 0
132 158 0
72 242 0
267 36 0
104 285 0
112 233 0
196 140 0
100 230 0
123 170 0
188 366 0
2 30 0
307 75 0
82 260 0
271 8 0
63 298 0
274 334 0
129 357 0
92 153 0
198 310 0
140 301 0
146 252 0
85 341 0
391 185 0
171 113 0
306 310 0
30 307 0
339 336 0
333 20 0
196 156 0
379 210 0
53 204 0
144 134 0
160 187 0
286 310 0
48 25 0
162 193 0
276 247 0
134 218 0
31 304 0
330 288 0
165 311 0
146 103 0
247 79 0
75 394 0
234 5 0
203 286 0
209 298 0
371 320 0
84 208 0
229 131 0
233 391 0
324 60 0
237 57 0
278 219 0
312 159 0
58 76 0
70 203 0
130 268 0
233 204 0
261 66 0
161 15 0
304 321 0
313 226 0
240 396 0
34 69 0
79 266 0
11 2 0
277 199 0
10 106 0
369 273 0
265 26 0
348 286 0
180 29 0
105 13 0
185 317 0
78 345 0
331 333 0
265 195 0
159 104 0
143 192 0
124 221 0
9 86 0
174 285 0
284 135 0
343 204 0
7 159 0
229 306 0
396 9 0
334 100 0
21 118 0
16 50 0
62 346 0
335 326 0
141 93 0
382 283 0
284 57 0
55 244 0
143 228 0
80 378 0
362 22 0
182 368 0
180 362 0
225 175 0
370 158 0
274 342 0
276 241 0
344 289 0
187 278 0
167 279 0
370 148 0
113 205 0
204 119 0
48 346 0
346 127 0
324 259 0
101 57 0
178 280 0
18 2 0
7 340 0
159 232 0
281 386 0
73 176 0
275 211 0
53 41 0
41 374 0
140 153 0
178 343 0
223 177 0
241 120 0
256 116 0
378 356 0
172 107 0
187 141 0
108 193 0
80 218 0
25 313 0
156 97 0
88 382 0
259 93 0
22 299 0
66 113 0
3 196 0
55 225 0
324 247 0
344 179 0
314 273 0
86 37 0
379 273 0
178 38 0
17 209 0
207 393 0
121 362 0
41 161 0
343 299 0
205 316 0
197 270 0
380 199 0
17 35 0
375 341 0
233 318 0
71 147 0
190 109 0
183 120 0
333 312 0
157 349 0
121 316 0
294 193 0
277 334 0
305 172 0
185 109 0
39 333 0
331 19 0
132 347 0
5 58 0
239 237 0
376 262 0
335 117 0
370 70 0
189 302 0
333 345 0
202 53 0
260 47 0
246 89 0
333 150 0
212 117 0
211 250 0
49 141 0
220 132 0
39 224 0
190 278 0
13 117 0
91 299 0
185 60 0
320 373 0
313 253 0
270 66 0
305 81 0
113 102 0
169 397 0
204 332 0
113 14 0
134 113 0
106 353 0
245 144 0
129 386 0
21 93 0
54 111 0
343 238 0
122 263 0
211 386 0
115 32 0
52 371 0
112 116 0
25 233 0
64 180 0
164 176 0
145 297 0
240 250 0
202 36 0
393 330 0
21 366 0
374 26 0
264 102 0
130 26 0
87 196 0
57 90 0
119 120 0
157 143 0
352 220 0
274 116 0
347 18 0
364 187 0
219 165 0
222 163 0
46 195 0
128 19 0
220 108 0
287 35 0
209 368 0
60 247 0
164 68 0
337 282 0
140 45 0
376 91 0
265 201 0
158 211 0
218 122 0
349 388 0
286 171 0
150 332 0
365 230 0
302 184 0
337 140 0
171 97 0
108 182 0
343 271 0
250 231 0
104 341 0
276 31 0
31 92 0
231 189 0
254 400 0
262 203 0
387 147 0
373 136 0
30 289 0
365 284 0
24 253 0
23 194 0
349 130 0
376 292 0
352 177 0
74 7 0
117 301 0
37 99 0
392 219 0
239 246 0
218 100 0
400 204 0
199 324 0
340 180 0
212 256 0
63 187 0
109 38 0
381 57 0
167 356 0
300 71 0
84 326 0
77 200 0
226 66 0
298 170 0
284 89 0
367 102 0
305 338 0
289 196 0
118 52 0
4 132 0
238 112 0
121 218 0
120 240 0
125 372 0
310 208 0
249 338 0
359 74 0
3 209 0
243 287 0
297 209 0
388 36 0
126 244 0
374 366 0
392 43 0
17 347 0
126 207 0
10 247 0
24 129 0
86 101 0
52 395 0
308 300 0
332 219 0
326 287 0
27 168 0
173 323 0
329 112 0
358 6 0
307 283 0
372 250 0
325 388 0
196 3 0
194 205 0
249 170 0
270 289 0
232 129 0
141 115 0
299 66 0
1 325 0
185 173 0
247 65 0
236 157 0
71 95 0
39 42 0
344 316 0
381 92 0
318 175 0
248 166 0
296 85 0
3 117 0
374 234 0
197 66 0
348 96 0
131 349 0
20 267 0
73 267 0
332 309 0
375 2 0
355 13 0
43 298 0
328 375 0
341 245 0
149 189 0
362 396 0
273 364 0
112 198 0
197 309 0
263 145 0
356 345 0
45 375 0
193 143 0
377 167 0
144 331 0
180 138 0
181 59 0
112 121 0
304 213 0
309 217 0
160 134 0
181 272 0
331 329 0
132 194 0
73 87 0
138 117 0
13 301 0
186 158 0
43 162 0
324 138 0
93 55 0
227 225 0
66 291 0
345 321 0
55 254 0
137 214 0
387 317 0
37 269 0
198 168 0
14 270 0
206 104 0
339 171 0
4 76 0
328 47 0
237 203 0
136 281 0
210 363 0
105 275 0
253 50 0
195 307 0
255 331 0
120 193 0
200 157 0
61 397 0
276 75 0
218 34 0
130 108 0
156 133 0
183 83 0
131 372 0
237 267 0
252 46 0
229 309 0
272 81 0
358 66 0
339 164 0
349 58 0
356 100 0
166 368 0
48 394 0
394 265 0
379 123 0
325 134 0
256 107 0
168 386 0
78 4 0
204 282 0
2 32 0
190 273 0
64 99 0
291 2 0
262 239 0
12 169 0
338 129 0
136 385 0
122 82 0
201 100 0
204 77 0
185 11 0
136 352 0
349 213 0
356 152 0
46 357 0
184 187 0
181 199 0
153 98 0
309 164 0
266 198 0
292 354 0
134 366 0
35 287 0
17 190 0
363 202 0
201 98 0
105 149 0
263 60 0
252 260 0
368 387 0
47 149 0
186 331 0
171 338 0
381 32 0
53 198 0
229 296 0
151 315 0
261 137 0
153 230 0
327 115 0
383 79 0
165 87 0
179 27 0
99 30 0
286 66 0
17 284 0
166 154 0
215 337 0
91 147 0
368 95 0
344 148 0
390 47 0
62 203 0
183 166 0
32 61 0
281 366 0
91 45 0
52 269 0
23 150 0
299 260 0
168 267 0
144 333 0
20 310 0
8 188 0
156 351 0
288 145 0
397 349 0
347 180 0
115 330 0
192 347 0
295 283 0
151 317 0
48 1 0
128 167 0
219 271 0
100 238 0
132 320 0
251 139 0
60 6 0
42 347 0
103 38 0
247 1 0
169 313 0
331 361 0
211 177 0
195 153 0
27 297 0
69 27 0
298 149 0
193 68 0
19 244 0
306 103 0
164 156 0
193 175 0
114 234 0
121 216 0
224 319 0
216 392 0
232 98 0
304 42 0
227 50 0
147 205 0
347 167 0
231 196 0
315 24 0
263 286 0
267 120 0
340 382 0
228 132 0
108 341 0
318 180 0
108 93 0
99 275 0
36 282 0
325 340 0
323 103 0
341 21 0
307 287 0
188 138 0
82 102 0
113 297 0
339 331 0
16 278 0
362 372 0
87 231 0
104 194 0
323 202 0
21 358 0
83 345 0
249 357 0
47 190 0
378 305 0
76 165 0
394 110 0
218 106 0
358 109 0
389 325 0
386 205 0
120 299 0
128 158 0
129 231 0
352 51 0
32 324 0
9 66 0
220 209 0
23 218 0
398 400 0
122 26 0
135 285 0
173 44 0
393 113 0
368 331 0
317 39 0
229 45 0
197 358 0
275 100 0
360 259 0
23 320 0
324 242 0
129 346 0
59 126 0
297 132 0
151 364 0
247 237 0
201 372 0
280 145 0
84 248 0
75 1 0
238 256 0
397 34 0
165 271 0
133 124 0
129 107 0
44 53 0
300 172 0
350 358 0
249 247 0
42 400 0
162 288 0
236 362 0
211 68 0
107 295 0
267 133 0
247 104 0
388 243 0
138 152 0
65 222 0
228 146 0
329 271 0
198 228 0
394 99 0
138 242 0
345 179 0
193 59 0
18 381 0
20 181 0
48 126 0
75 314 0
211 273 0
369 198 0
67 106 0
302 131 0
280 129 0
276 160 0
351 25 0
339 344 0
124 28 0
137 20 0
206 330 0
78 176 0
310 50 0
356 357 0
127 382 0
222 337 0
206 190 0
135 272 0
248 36 0
2 127 0
116 230 0
238 66 0
206 176 0
9 329 0
204 97 0
301 361 0
26 378 0
88 335 0
379 395 0
243 106 0
376 64 0
42 181 0
206 128 0
4 53 0
163 358 0
131 230 0
187 368 0
295 392 0
95 255 0
273 250 0
352 173 0
163 377 0
102 202 0
264 81 0
197 106 0
186 124 0
122 179 0
305 327 0
307 260 0
379 21 0
217 61 0
251 3 0
28 145 0
347 74 0
352 219 0
276 303 0
343 38 0
231 44 0
239 94 0
76 387 0
152 213 0
111 273 0
392 367 0
199 298 0
226 129 0
318 43 0
189 120 0
397 168 0
265 343 0
241 216 0
113 68 0
70 55 0
57 300 0
99 248 0
346 126 0
234 97 0
369 330 0
310 119 0
179 136 0
247 96 0
130 387 0
216 126 0
154 32 0
69 346 0
199 181 0
14 268 0
188 22 0
119 238 0
269 64 0
363 103 0
112 301 0
398 32 0
230 260 0
150 360 0
347 348 0
8 76 0
334 175 0
201 39 0
206 221 0
337 356 0
354 302 0
175 141 0
323 293 0
378 192 0
309 340 0
246 20 0
193 243 0
52 374 0
54 153 0
334 400 0
101 341 0
75 386 0
115 228 0
377 272 0
400 313 0
227 305 0
214 1 0
45 136 0
245 374 0
279 105 0
266 124 0
77 58 0
319 128 0
383 372 0
232 316 0
372 332 0
256 398 0
270 322 0
177 246 0
193 177 0
158 371 0
81 323 0
323 78 0
58 120 0
3 289 0
224 220 0
12 300 0
229 282 0
379 212 0
206 211 0
127 129 0
94 335 0
126 363 0
256 255 0
160 1 0
31 269 0
371 63 0
191 246 0
92 201 0
365 47 0
89 188 0
266 52 0
40 95 0
334 18 0
306 139 0
180 384 0
267 274 0
318 344 0
188 126 0
198 300 0
78 180 0
168 400 0
195 311 0
245 286 0
111 209 0
332 199 0
349 150 0
202 340 0
244 135 0
357 101 0
225 89 0
84 91 0
362 354 0
387 101 0
79 184 0
400 108 0
316 120 0
107 110 0
30 352 0
347 140 0
112 231 0
290 60 0
380 43 0
351 175 0
178 308 0
275 2 0
348 358 0
45 261 0
263 31 0
361 293 0
166 313 0
400 81 0
32 107 0
142 13 0
58 41 0
104 121 0
223 345 0
133 202 0
387 83 0
328 164 0
342 202 0
118 289 0
111 162 0
149 374 0
144 62 0
266 261 0
374 266 0
342 357 0
324 35 0
369 333 0
27 72 0
53 249 0
16 185 0
268 329 0
118 209 0
82 235 0
50 193 0
348 198 0
118 43 0
211 335 0
303 184 0
152 196 0
92 75 0
183 60 0
7 209 0
83 12 0
58 50 0
196 59 0
4 15 0
388 121 0
176 69 0
307 225 0
213 206 0
374 282 0
248 185 0
217 102 0
368 320 0
298 12 0
395 80 0
23 353 0
240 106 0
364 297 0
155 112 0
356 110 0
126 295 0
230 253 0
315 88 0
77 128 0
293 51 0
361 140 0
235 177 0
242 154 0
97 91 0
165 43 0
122 140 0
395 361 0
245 311 0
258 351 0
374 165 0
61 51 0
59 242 0
304 373 0
330 380 0
52 222 0
382 13 0
314 168 0
141 107 0
322 189 0
197 38 0
231 270 0
177 178 0
230 373 0
40 39 0
324 13 0
203 336 0
63 213 0
177 318 0
138 58 0
298 141 0
280 231 0
153 193 0
399 246 0
299 272 0
34 47 0
261 217 0
316 38 0
394 97 0
362 385 0
136 237 0
397 290 0
172 11 0
103 301 0
329 192 0
358 178 0
332 189 0
8 37 0
333 358 0
282 183 0
229 267 0
229 90 0
83 96 0
79 28 0
145 40 0
12 280 0
229 360 0
121 400 0
371 175 0
252 251 0
366 162 0
28 298 0
350 387 0
286 283 0
345 167 0
65 173 0
33 246 0
214 68 0
293 292 0
47 37 0
284 11 0
316 112 0
370 389 0
63 292 0
163 267 0
94 81 0
28 121 0
330 329 0
108 215 0
163 4 0
333 180 0
128 365 0
25 342 0
384 269 0
185 31 0
306 68 0
41 173 0
131 362 0
161 146 0
206 276 0
12 299 0
356 39 0
20 285 0
319 79 0
99 82 0
82 31 0
213 161 0
347 237 0
102 283 0
57 287 0
313 362 0
306 305 0
135 389 0
218 295 0
134 23 0
170 145 0
322 77 0
135 293 0
361 53 0
371 11 0
86 4 0
393 298 0
164 292 0
86 218 0
174 143 0
56 38 0
104 313 0
294 190 0
301 111 0
37 386 0
134 206 0
130 7 0
235 216 0
299 195 0
158 306 0
224 102 0
156 339 0
393 193 0
156 118 0
335 163 0
107 391 0
76 400 0
132 376 0
63 168 0
362 148 0
326 43 0
154 160 0
259 52 0
306 79 0
272 63 0
336 95 0
165 91 0
385 109 0
284 93 0
227 170 0
255 333 0
112 330 0
285 244 0
258 347 0
11 171 0
94 288 0
165 247 0
47 23 0
250 353 0
53 121 0
367 389 0
167 131 0
31 103 0
192 266 0
195 370 0
388 50 0
254 99 0
379 138 0
294 188 0
36 257 0
358 81 0
144 123 0
279 191 0
97 128 0
95 150 0
200 61 0
90 318 0
144 72 0
21 335 0
290 215 0
256 277 0
264 109 0
327 195 0
247 221 0
382 234 0
29 340 0
315 172 0
14 193 0
314 110 0
273 8 0
211 72 0
69 252 0
390 212 0
324 10 0
98 213 0
224 353 0
89 40 0
61 15 0
234 259 0
187 215 0
45 215 0
106 359 0
339 119 0
103 252 0
181 375 0
212 391 0
47 280 0
243 388 0
43 118 0
397 140 0
330 172 0
44 370 0
163 104 0
336 396 0
315 75 0
163 359 0
241 220 0
269 179 0
291 371 0
383 71 0
346 194 0
13 344 0
73 207 0
331 67 0
276 279 0
206 205 0
2 201 0
126 165 0
304 14 0
112 170 0
88 226 0
80 328 0
46 348 0
59 288 0
319 41 0
310 264 0
234 322 0
207 258 0
81 137 0
324 356 0
367 81 0
113 368 0
281 190 0
132 136 0
203 196 0
306 242 0
21 337 0
122 66 0
285 180 0
305 203 0
172 214 0
66 5 0
136 224 0
214 168 0
312 137 0
123 278 0
169 187 0
245 49 0
377 329 0
136 179 0
124 393 0
21 144 0
330 94 0
162 214 0
273 66 0
16 44 0
232 33 0
400 319 0
208 213 0
86 119 0
301 160 0
396 21 0
347 192 0
21 323 0
120 156 0
53 195 0
101 25 0
291 30 0
118 4 0
195 342 0
21 210 0
385 252 0
194 336 0
170 1 0
148 255 0
71 400 0
367 66 0
20 313 0
209 40 0
187 281 0
148 239 0
75 248 0
216 317 0
229 333 0
320 23 0
275 341 0
184 211 0
192 377 0
147 362 0
329 246 0
168 399 0
198 134 0
16 169 0
398 176 0
161 136 0
56 308 0
327 83 0
107 142 0
399 335 0
26 319 0
357 252 0
259 140 0
63 2 0
68 161 0
315 396 0
358 83 0
346 107 0
168 313 0
276 118 0
88 36 0
253 144 0
295 179 0
226 353 0
320 224 0
287 298 0
94 195 0
149 352 0
334 163 0
354 353 0
275 268 0
300 233 0
302 245 0
339 22 0
157 166 0
139 244 0
201 391 0
339 47 0
170 164 0
399 41 0
340 237 0
338 33 0
31 39 0
385 316 0
201 290 0
268 76 0
109 167 0
260 363 0
11 150 0
384 119 0
316 74 0
315 68 0
16 253 0
115 137 0
17 65 0
178 356 0
302 67 0
340 332 0
105 276 0
248 258 0
117 115 0
333 226 0
234 144 0
140 244 0
293 75 0
315 208 0
148 229 0
276 163 0
81 342 0
300 49 0
6 29 0
356 259 0
47 296 0
191 152 0
171 390 0
9 288 0
56 293 0
65 289 0
36 204 0
85 280 0
230 399 0
88 377 0
179 315 0
91 259 0
208 342 0
260 165 0
370 215 0
24 17 0
110 214 0
120 233 0
203 80 0
72 210 0
372 136 0
99 359 0
291 183 0
238 120 0
133 277 0
48 311 0
143 138 0
121 350 0
80 380 0
115 1 0
195 138 0
369 256 0
303 40 0
40 57 0
119 111 0
266 42 0
198 364 0
352 40 0
98 190 0
159 182 0
18 158 0
44 113 0
296 165 0
62 327 0
96 128 0
279 290 0
217 248 0
98 119 0
239 137 0
127 358 0
200 393 0
351 397 0
308 303 0
37 358 0
92 147 0
139 61 0
305 183 0
173 152 0
347 187 0
30 394 0
266 308 0
284 83 0
107 333 0
153 346 0
69 280 0
303 220 0
272 253 0
155 253 0
88 198 0
351 227 0
211 255 0
361 335 0
358 259 0
121 387 0
252 387 0
295 135 0
69 1 0
19 173 0
346 40 0
52 200 0
259 275 0
5 75 0
6 111 0
279 93 0
261 182 0
271 71 0
36 231 0
5 394 0
89 78 0
332 341 0
64 226 0
27 84 0
179 46 0
256 124 0
85 260 0
276 295 0
134 232 0
322 139 0
342 200 0
184 154 0
381 54 0
224 369 0
285 181 0
314 373 0
210 245 0
313 273 0
23 292 0
308 201 0
337 115 0
276 373 0
374 151 0
267 60 0
334 188 0
198 276 0
340 381 0
381 272 0
387 205 0
192 271 0
337 105 0
195 146 0
302 60 0
370 324 0
351 229 0
124 239 0
343 399 0
211 269 0
102 29 0
328 35 0
169 77 0
262 60 0
10 243 0
283 396 0
399 75 0
218 287 0
131 364 0
384 32 0
23 305 0
307 325 0
133 30 0
163 27 0
381 325 0
247 34 0
354 174 0
68 74 0
203 282 0
85 212 0
76 367 0
159 74 0
41 328 0
312 124 0
291 295 0
107 314 0
199 14 0
238 283 0
395 353 0
309 327 0
277 156 0
360 182 0
281 380 0
207 83 0
261 291 0
246 336 0
258 4 0
361 250 0
331 272 0
373 174 0
118 32 0
87 316 0
45 276 0
198 391 0
180 58 0
318 57 0
213 277 0
190 46 0
256 397 0
128 68 0
287 326 0
355 96 0
329 315 0
346 212 0
138 270 0
385 255 0
301 23 0
170 297 0
250 319 0
288 382 0
377 157 0
38 189 0
33 179 0
186 241 0
175 314 0
308 62 0
239 215 0
109 119 0
129 54 0
282 219 0
276 218 0
73 128 0
192 195 0
25 42 0
113 264 0
375 89 0
20 12 0
230 4 0
190 15 0
196 317 0
280 56 0
330 70 0
270 38 0
189 350 0
92 22 0
168 319 0
240 241 0
46 31 0
35 22 0
24 147 0
237 398 0
188 208 0
361 369 0
164 103 0
383 359 0
19 215 0
14 348 0
284 235 0
337 24 0
185 28 0
46 352 0
298 237 0
192 344 0
219 178 0
317 243 0
277 106 0
192 64 0
313 105 0
32 76 0
207 366 0
387 177 0
180 352 0
76 16 0
187 12 0
39 371 0
392 36 0
322 289 0
224 66 0
184 43 0
195 53 0
237 71 0
158 380 0
86 22 0
84 69 0
98 242 0
387 36 0
18 118 0
387 45 0
133 173 0
9 124 0
143 352 0
111 17 0
240 335 0
34 376 0
329 180 0
380 165 0
251 137 0
144 288 0
158 180 0
309 207 0
21 247 0
242 391 0
364 229 0
35 49 0
353 395 0
124 48 0
346 234 0
64 138 0
120 49 0
65 400 0
228 44 0
164 30 0
132 260 0
270 241 0
39 178 0
48 59 0
24 241 0
1 339 0
21 388 0
387 326 0
382 110 0
373 328 0
296 36 0
17 367 0
84 81 0
367 263 0
76 82 0
293 207 0
341 162 0
47 379 0
291 46 0
390 314 0
239 390 0
252 211 0
377 191 0
136 311 0
252 108 0
190 99 0
95 206 0
66 130 0
286 384 0
393 361 0
65 237 0
119 358 0
398 117 0
163 229 0
153 353 0
219 356 0
163 147 0
98 299 0
57 350 0
358 246 0
48 53 0
3 65 0
182 288 0
400 126 0
200 17 0
362 270 0
374 359 0
387 213 0
198 149 0
42 302 0
53 212 0
210 215 0
65 367 0
256 375 0
164 256 0
27 167 0
272 160 0
6 272 0
286 206 0
240 247 0
75 213 0
158 13 0
377 307 0
161 18 0
161 165 0
229 370 0
380 187 0
276 396 0
105 84 0
370 268 0
291 348 0
34 114 0
108 40 0
337 393 0
197 176 0
191 223 0
340 348 0
236 317 0
207 348 0
334 367 0
113 163 0
288 44 0
301 163 0
391 5 0
198 361 0
272 40 0
260 258 0
154 319 0
297 90 0
311 45 0
266 54 0
267 157 0
353 102 0
73 159 0
50 7 0
77 114 0
121 364 0
157 373 0
79 147 0
377 228 0
59 200 0
268 271 0
9 373 0
189 257 0
62 52 0
301 279 0
105 168 0
36 57 0
221 60 0
168 222 0
18 196 0
335 138 0
160 43 0
110 238 0
142 38 0
17 200 0
190 284 0
22 198 0
256 211 0
55 270 0
262 355 0
100 366 0
74 135 0
374 295 0
147 93 0
68 164 0
289 3 0
302 400 0
45 363 0
189 186 0
353 205 0
338 142 0
89 359 0
291 296 0
169 345 0
165 382 0
252 217 0
299 277 0
303 273 0
123 49 0
317 191 0
213 157 0
193 66 0
108 189 0
380 296 0
327 332 0
101 264 0
25 141 0
174 316 0
388 343 0
212 105 0
276 15 0
321 175 0
244 223 0
399 366 0
272 315 0
156 36 0
24 300 0
101 131 0
89 80 0
27 15 0
364 79 0
230 388 0
171 3 0
255 158 0
297 19 0
214 173 0
33 134 0
347 276 0
309 345 0
194 180 0
211 349 0
215 234 0
201 267 0
317 289 0
298 343 0
255 213 0
373 36 0
153 143 0
38 7 0
252 287 0
377 66 0
11 362 0
151 357 0
189 59 0
253 382 0
283 4 0
201 83 0
222 117 0
323 72 0
11 177 0
284 383 0
212 36 0
77 201 0
395 328 0
87 371 0
393 49 0
284 144 0
357 73 0
202 209 0
54 392 0
176 288 0
347 376 0
370 121 0
92 292 0
192 54 0
20 75 0
63 112 0
384 9 0
39 22 0
331 384 0
71 215 0
79 27 0
287 232 0
188 292 0
175 315 0
180 74 0
290 101 0
194 333 0
345 337 0
386 364 0
11 373 0
147 25 0
84 130 0
33 74 0
103 364 0
9 173 0
130 87 0
152 16 0
271 291 0
259 397 0
205 390 0
70 94 0
43 263 0
378 387 0
199 315 0
350 162 0
287 48 0
138 322 0
177 123 0
395 232 0
86 356 0
356 167 0
394 107 0
182 264 0
397 392 0
261 201 0
382 282 0
246 376 0
145 175 0
362 295 0
89 311 0
8 327 0
359 146 0
248 87 0
268 195 0
270 305 0
150 226 0
71 143 0
332 204 0
359 281 0
195 171 0
33 128 0
52 231 0
103 148 0
5 64 0
43 46 0
327 50 0
372 237 0
147 220 0
275 14 0
14 145 0
270 115 0
322 340 0
209 253 0
95 167 0
85 290 0
289 118 0
369 293 0
300 24 0
40 304 0
39 34 0
349 317 0
36 273 0
153 182 0
92 380 0
148 57 0
76 17 0
123 397 0
309 331 0
201 3 0
50 286 0
244 338 0
355 165 0
182 254 0
188 222 0
109 226 0
255 10 0
95 290 0
282 199 0
24 325 0
178 123 0
381 205 0
139 103 0
201 399 0
385 354 0
354 34 0
191 197 0
324 97 0
361 105 0
302 100 0
278 10 0
278 133 0
371 372 0
374 252 0
170 349 0
176 300 0
71 108 0
104 162 0
162 257 0
160 147 0
162 113 0
132 352 0
262 7 0
400 174 0
64 301 0
274 341 0
262 103 0
74 351 0
36 195 0
299 164 0
94 370 0
271 150 0
131 385 0
358 242 0
83 71 0
307 214 0
22 168 0
173 21 0
293 188 0
273 166 0
128 134 0
220 105 0
318 293 0
55 354 0
40 305 0
117 85 0
226 339 0
186 308 0
323 143 0
150 5 0
213 8 0
171 186 0
175 295 0
158 19 0
82 30 0
185 161 0
116 4 0
217 33 0
249 223 0
338 288 0
128 54 0
324 353 0
345 110 0
213 267 0
252 314 0
224 17 0
321 346 0
154 47 0
192 312 0
65 225 0
293 201 0
385 360 0
157 154 0
393 5 0
376 330 0
244 103 0
336 167 0
8 280 0
276 220 0
98 80 0
133 273 0
170 201 0
51 313 0
112 115 0
137 357 0
316 72 0
227 260 0
28 202 0
190 223 0
305 77 0
389 264 0
308 217 0
35 5 0
248 119 0
230 295 0
171 399 0
95 173 0
264 159 0
287 400 0
67 154 0
73 382 0
225 299 0
242 204 0
53 383 0
26 309 0
11 367 0
172 318 0
183 206 0
274 382 0
324 103 0
276 46 0
54 322 0
170 317 0
32 56 0
316 98 0
210 341 0
32 386 0
191 225 0
190 243 0
159 215 0
151 169 0
133 274 0
86 315 0
79 311 0
248 354 0
14 123 0
351 19 0
397 120 0
335 28 0
128 202 0
78 337 0
94 109 0
274 285 0
333 63 0
79 43 0
211 362 0
103 248 0
229 134 0
158 76 0
39 123 0
151 342 0
141 99 0
61 27 0
126 188 0
181 155 0
76 226 0
263 302 0
62 147 0
316 141 0
189 145 0
322 351 0
59 24 0
198 239 0
109 308 0
266 148 0
30 16 0
41 123 0
66 101 0
101 192 0
241 233 0
298 268 0
59 161 0
169 120 0
259 85 0
212 400 0
181 133 0
350 191 0
157 100 0
29 217 0
7 295 0
316 388 0
262 356 0
62 328 0
9 115 0
71 201 0
347 368 0
68 5 0
80 189 0
77 339 0
225 288 0
290 357 0
21 239 0
148 129 0
338 128 0
297 296 0
22 213 0
120 249 0
163 128 0
363 233 0
328 310 0
152 348 0
266 232 0
88 294 0
122 264 0
182 11 0
220 154 0
201 319 0
234 91 0
47 130 0
338 20 0
294 173 0
255 14 0
374 369 0
93 336 0
153 373 0
197 305 0
88 359 0
356 161 0
174 89 0
171 393 0
194 323 0
264 27 0
13 262 0
109 351 0
281 2 0
75 88 0
367 48 0
56 12 0
336 161 0
384 132 0
65 207 0
146 104 0
117 54 0
264 290 0
142 386 0
234 288 0
308 97 0
358 374 0
223 191 0
328 249 0
230 294 0
249 237 0
257 184 0
397 192 0
267 13 0
398 365 0
116 114 0
18 379 0
355 111 0
364 189 0
398 224 0
237 264 0
96 147 0
237 270 0
289 164 0
10 318 0
354 266 0
53 303 0
58 320 0
315 7 0
284 31 0
121 253 0
361 75 0
363 277 0
215 361 0
100 52 0
176 147 0
150 12 0
16 38 0
128 85 0
155 137 0
3 60 0
354 55 0
362 11 0
326 229 0
18 161 0
259 90 0
365 171 0
116 328 0
47 331 0
240 98 0
334 15 0
196 83 0
26 211 0
72 153 0
248 226 0
241 250 0
237 195 0
256 199 0
157 134 0
379 174 0
246 237 0
215 211 0
359 331 0
90 358 0
213 329 0
55 98 0
343 203 0
13 203 0
25 260 0
380 265 0
61 216 0
11 269 0
366 168 0
2 344 0
293 199 0
132 108 0
361 91 0
390 50 0
48 154 0
378 54 0
203 272 0
192 221 0
88 216 0
32 67 0
32 93 0
282 395 0
313 200 0
162 314 0
143 6 0
64 227 0
65 25 0
317 6 0
74 316 0
159 52 0
321 313 0
323 177 0
246 66 0
349 285 0
233 380 0
351 265 0
24 185 0
211 336 0
384 372 0
201 78 0
377 265 0
289 220 0
399 314 0
87 158 0
365 8 0
22 240 0
136 268 0
257 84 0
104 90 0
63 55 0
306 39 0
239 116 0
374 174 0
39 175 0
251 367 0
39 107 0
360 279 0
278 359 0
192 365 0
68 109 0
372 89 0
300 107 0
308 108 0
142 12 0
197 156 0
66 54 0
194 256 0
121 168 0
381 159 0
294 231 0
126 284 0
289 85 0
162 167 0
43 305 0
131 110 0
365 54 0
199 216 0
112 106 0
324 253 0
69 120 0
8 134 0
126 202 0
341 246 0
357 214 0
104 82 0
97 392 0
118 210 0
110 113 0
66 240 0
174 31 0
245 324 0
246 356 0
382 121 0
160 50 0
136 318 0
273 76 0
115 193 0
349 71 0
358 52 0
104 6 0
395 222 0
167 105 0
286 232 0
296 59 0
214 141 0
383 12 0
48 364 0
132 208 0
13 324 0
327 148 0
241 199 0
176 308 0
343 124 0
378 300 0
127 82 0
257 121 0
255 23 0
225 140 0
206 121 0
198 372 0
213 132 0
383 260 0
95 114 0
67 60 0
390 345 0
95 286 0
89 37 0
9 67 0
288 135 0
100 96 0
208 354 0
70 384 0
93 276 0
56 242 0
247 268 0
374 181 0
128 20 0
246 146 0
31 235 0
43 142 0
17 137 0
27 105 0
126 36 0
123 365 0
122 222 0
61 329 0
175 130 0
313 219 0
5 368 0
61 203 0
188 34 0
383 267 0
5 181 0
12 36 0
15 54 0
177 31 0
143 203 0
88 268 0
190 210 0
232 264 0
384 244 0
144 158 0
374 8 0
377 330 0
328 389 0
133 115 0
374 67 0
381 378 0
247 344 0
365 214 0
398 141 0
196 92 0
296 283 0
311 37 0
45 94 0
300 28 0
338 44 0
137 311 0
240 330 0
53 324 0
44 26 0
343 24 0
356 189 0
2 317 0
13 198 0
360 260 0
32 270 0
296 76 0
363 148 0
55 300 0
210 145 0
256 2 0
75 261 0
325 70 0
238 267 0
46 193 0
8 13 0
65 361 0
281 77 0
110 240 0
336 142 0
61 183 0
169 23 0
282 176 0
275 24 0
367 36 0
121 174 0
37 195 0
34 314 0
216 272 0
132 261 0
16 139 0
225 80 0
100 105 0
108 161 0
296 395 0
302 356 0
178 23 0
331 59 0
198 157 0
35 116 0
192 155 0
241 229 0
301 227 0
142 116 0
50 273 0
377 65 0
364 201 0
97 15 0
258 204 0
175 105 0
199 29 0
13 376 0
3 343 0
386 152 0
99 20 0
267 242 0
126 59 0
70 26 0
285 163 0
142 334 0
388 70 0
351 303 0
222 47 0
317 79 0
250 43 0
184 48 0
23 196 0
375 25 0
90 361 0
176 140 0
332 394 0
381 58 0
5 3 0
83 289 0
117 176 0
175 56 0
197 125 0
358 19 0
171 226 0
49 372 0
221 232 0
20 243 0
379 394 0
220 20 0
306 347 0
159 238 0
293 92 0
247 297 0
46 329 0
137 162 0
57 311 0
170 253 0
387 127 0
223 157 0
305 272 0
81 125 0
55 100 0
319 34 0
45 90 0
5 303 0
37 116 0
140 329 0
207 386 0
177 204 0
266 313 0
365 274 0
224 86 0
79 210 0
213 301 0
319 69 0
124 399 0
145 179 0
50 63 0
164 46 0
348 141 0
235 87 0
21 41 0
24 149 0
244 242 0
61 161 0
67 236 0
198 145 0
398 362 0
398 268 0
30 121 0
266 174 0
251 267 0
189 366 0
312 245 0
86 260 0
385 320 0
298 357 0
361 274 0
105 156 0
115 165 0
268 133 0
353 66 0
230 350 0
27 227 0
217 9 0
299 34 0
134 102 0
252 274 0
67 163 0
118 152 0
374 54 0
72 272 0
10 384 0
97 114 0
91 163 0
231 311 0
295 183 0
376 124 0
84 354 0
302 252 0
314 153 0
237 48 0
254 88 0
321 320 0
202 391 0
24 176 0
44 47 0
399 54 0
30 95 0
209 349 0
30 103 0
83 357 0
179 166 0
263 80 0
369 176 0
232 205 0
175 85 0
292 48 0
357 46 0
38 332 0
221 81 0
378 171 0
86 7 0
217 205 0
78 25 0
153 60 0
127 188 0
368 305 0
305 182 0
337 274 0
310 168 0
78 84 0
205 322 0
83 113 0
367 120 0
44 187 0
309 238 0
379 125 0
394 8 0
101 99 0
19 227 0
286 387 0
84 190 0
168 20 0
63 77 0
139 93 0
113 295 0
14 195 0
7 380 0
267 2 0
118 19 0
208 304 0
264 202 0
300 282 0
28 137 0
268 63 0
326 388 0
34 341 0
16 125 0
33 80 0
19 46 0
227 378 0
377 93 0
331 94 0
63 305 0
119 222 0
160 220 0
21 274 0
305 400 0
362 124 0
15 240 0
63 400 0
180 79 0
124 164 0
110 95 0
161 336 0
24 137 0
28 354 0
230 90 0
210 300 0
312 370 0
71 286 0
392 91 0
112 248 0
42 73 0
372 8 0
312 386 0
8 43 0
64 131 0
158 174 0
177 270 0
109 200 0
6 89 0
154 187 0
130 363 0
38 393 0
284 108 0
231 228 0
150 342 0
75 144 0
366 398 0
151 230 0
384 158 0
224 399 0
241 382 0
124 369 0
251 185 0
169 209 0
273 274 0
347 354 0
188 385 0
347 72 0
44 129 0
299 146 0
70 325 0
289 387 0
323 39 0
216 258 0
149 40 0
208 341 0
21 332 0
309 223 0
116 29 0
31 340 0
302 330 0
245 90 0
314 143 0
113 309 0
271 11 0
54 340 0
335 342 0
279 209 0
333 94 0
18 33 0
85 226 0
325 57 0
157 233 0
280 224 0
214 262 0
191 359 0
156 56 0
102 220 0
317 372 0
230 370 0
264 117 0
264 142 0
277 148 0
187 295 0
180 272 0
120 104 0
328 276 0
288 207 0
51 101 0
21 165 0
168 163 0
123 275 0
171 176 0
95 87 0
148 276 0
56 11 0
392 271 0
104 221 0
18 290 0
115 149 0
161 234 0
252 89 0
61 92 0
247 63 0
192 219 0
227 311 0
382 301 0
186 152 0
77 232 0
238 224 0
107 245 0
186 51 0
116 289 0
271 85 0
178 337 0
234 339 0
122 85 0
379 182 0
128 225 0
244 272 0
44 22 0
182 377 0
322 319 0
128 398 0
150 317 0
173 209 0
161 358 0
211 228 0
198 81 0
313 376 0
369 146 0
266 90 0
182 196 0
223 310 0
20 18 0
181 15 0
39 314 0
343 312 0
233 70 0
262 334 0
338 34 0
94 51 0
344 304 0
278 141 0
68 304 0
287 285 0
393 21 0
80 215 0
282 52 0
232 62 0
18 222 0
375 361 0
134 159 0
382 395 0
93 320 0
380 138 0
370 323 0
42 199 0
16 377 0
341 35 0
281 179 0
320 273 0
199 351 0
40 80 0
2 223 0
93 372 0
45 20 0
332 178 0
178 265 0
124 222 0
184 103 0
360 153 0
378 1 0
352 345 0
377 244 0
379 209 0
22 250 0
34 221 0
153 25 0
252 106 0
247 345 0
77 291 0
364 360 0
20 93 0
225 95 0
315 8 0
198 226 0
113 175 0
226 16 0
119 154 0
259 49 0
315 232 0
251 348 0
52 3 0
372 256 0
108 218 0
200 185 0
61 163 0
144 32 0
255 368 0
127 121 0
346 392 0
2 123 0
7 72 0
229 217 0
120 143 0
48 370 0
90 52 0
372 13 0
307 80 0
182 58 0
216 194 0
172 359 0
226 378 0
279 304 0
99 158 0
179 396 0
149 180 0
119 155 0
251 347 0
323 322 0
89 322 0
292 130 0
373 215 0
142 231 0
246 275 0
288 61 0
69 59 0
372 294 0
37 202 0
197 87 0
359 375 0
82 107 0
106 200 0
213 356 0
98 135 0
277 138 0
8 120 0
267 333 0
335 360 0
163 132 0
235 3 0
193 303 0
61 116 0
148 49 0
317 344 0
135 275 0
270 169 0
381 375 0
368 145 0
282 18 0
231 110 0
155 238 0
230 374 0
170 116 0
333 285 0
247 119 0
287 391 0
21 299 0
106 168 0
348 374 0
63 34 0
248 284 0
202 180 0
210 122 0
324 91 0
139 154 0
201 245 0
344 30 0
218 113 0
97 151 0
397 295 0
269 235 0
286 242 0
134 343 0
361 81 0
317 376 0
66 116 0
259 268 0
248 69 0
389 171 0
159 79 0
277 311 0
323 220 0
292 93 0
284 388 0
243 233 0
283 63 0
67 120 0
256 200 0
14 217 0
232 282 0
192 298 0
165 245 0
70 105 0
367 229 0
135 195 0
139 9 0
366 31 0
101 202 0
370 295 0
34 204 0
310 100 0
323 165 0
252 337 0
381 83 0
218 124 0
380 167 0
126 96 0
363 195 0
152 282 0
375 286 0
76 66 0
295 394 0
48 347 0
195 17 0
242 228 0
221 151 0
279 95 0
315 130 0
383 248 0
165 153 0
323 96 0
319 48 0
144 282 0
195 295 0
163 169 0
133 190 0
234 379 0
183 281 0
325 329 0
298 166 0
156 70 0
268 387 0
164 135 0
68 99 0
382 232 0
251 256 0
328 169 0
304 71 0
2 98 0
317 116 0
266 49 0
258 52 0
27 40 0
332 352 0
321 181 0
69 76 0
250 337 0
14 366 0
71 82 0
16 4 0
313 266 0
259 192 0
214 388 0
163 131 0
55 29 0
179 312 0
32 158 0
304 363 0
61 224 0
96 129 0
251 297 0
17 265 0
214 39 0
346 229 0
394 258 0
94 253 0
2 80 0
318 215 0
19 81 0
345 73 0
61 76 0
385 92 0
185 288 0
6 245 0
63 101 0
373 313 0
350 342 0
177 163 0
380 122 0
392 326 0
332 37 0
178 333 0
68 47 0
147 86 0
127 44 0
159 139 0
230 255 0
382 188 0
99 44 0
240 23 0
364 85 0
304 296 0
158 247 0
221 89 0
283 350 0
373 303 0
348 120 0
388 75 0
115 146 0
165 185 0
240 395 0
39 173 0
134 137 0
168 325 0
159 76 0
114 75 0
160 369 0
322 317 0
215 142 0
6 49 0
43 330 0
351 390 0
49 291 0
16 115 0
36 181 0
299 228 0
127 337 0
400 260 0
25 168 0
195 249 0
162 354 0
169 83 0
270 335 0
176 227 0
336 170 0
157 238 0
159 157 0
128 127 0
272 116 0
307 122 0
343 385 0
11 294 0
196 35 0
13 331 0
122 207 0
132 283 0
160 300 0
317 382 0
235 92 0
160 170 0
261 268 0
7 372 0
377 87 0
98 200 0
202 356 0
321 144 0
340 331 0
389 135 0
318 354 0
65 391 0
160 196 0
274 272 0
96 190 0
205 282 0
234 316 0
3 94 0
184 361 0
17 112 0
47 114 0
311 248 0
21 183 0
343 360 0
66 284 0
237 111 0
325 348 0
306 198 0
219 353 0
340 375 0
186 173 0
291 188 0
218 26 0
101 235 0
89 99 0
300 399 0
299 321 0
133 241 0
280 198 0
76 326 0
84 264 0
36 9 0
212 293 0
158 382 0
198 97 0
357 383 0
221 199 0
123 39 0
176 223 0
225 264 0
321 124 0
214 219 0
396 346 0
12 228 0
96 39 0
105 131 0
303 140 0
139 114 0
384 297 0
95 181 0
345 3 0
164 166 0
153 238 0
156 328 0
60 380 0
143 332 0
55 356 0
103 51 0
254 66 0
278 301 0
56 334 0
31 358 0
73 122 0
71 8 0
189 314 0
72 304 0
79 225 0
141 234 0
104 152 0
35 220 0
202 89 0
270 7 0
154 99 0
307 210 0
32 290 0
119 56 0
11 142 0
63 380 0
259 203 0
293 282 0
106 324 0
106 198 0
109 210 0
349 274 0
56 384 0
93 209 0
24 314 0
216 178 0
364 74 0
339 347 0
363 9 0
2 373 0
150 16 0
304 360 0
171 197 0
242 276 0
72 299 0
26 180 0
108 374 0
5 115 0
276 333 0
362 91 0
62 325 0
164 352 0
271 79 0
360 224 0
3 62 0
192 307 0
21 362 0
103 262 0
189 126 0
161 214 0
305 220 0
140 310 0
358 162 0
284 320 0
252 297 0
196 367 0
248 19 0
45 160 0
194 48 0
221 385 0
306 241 0
298 8 0
55 87 0
85 167 0
252 389 0
386 391 0
250 272 0
391 208 0
385 274 0
79 236 0
155 370 0
196 151 0
81 390 0
150 253 0
326 55 0
46 224 0
14 100 0
262 98 0
266 113 0
39 203 0
104 288 0
27 46 0
47 11 0
271 125 0
199 393 0
303 353 0
315 98 0
55 395 0
87 157 0
248 13 0
211 245 0
188 177 0
344 49 0
274 161 0
161 264 0
315 216 0
152 341 0
213 198 0
352 84 0
275 102 0
28 129 0
6 342 0
226 60 0
289 265 0
216 88 0
229 379 0
332 16 0
107 227 0
16 332 0
387 176 0
196 253 0
344 347 0
194 156 0
96 97 0
191 322 0
198 171 0
50 203 0
112 228 0
214 400 0
92 382 0
87 272 0
239 18 0
196 254 0
349 134 0
381 96 0
387 324 0
42 180 0
32 90 0
228 174 0
363 377 0
344 13 0
179 8 0
7 283 0
277 46 0
106 188 0
367 344 0
157 163 0
197 58 0
296 177 0
153 234 0
53 147 0
365 36 0
236 192 0
209 150 0
168 105 0
162 298 0
112 353 0
194 70 0
187 70 0
67 292 0
210 34 0
235 318 0
148 383 0
375 395 0
160 128 0
229 164 0
226 193 0
151 13 0
385 311 0
162 104 0
15 276 0
354 78 0
228 147 0
148 367 0
168 214 0
210 377 0
199 45 0
295 346 0
379 221 0
293 90 0
348 121 0
253 125 0
313 3 0
137 249 0
266 299 0
305 280 0
126 258 0
358 305 0
4 57 0
271 171 0
222 81 0
100 21 0
77 346 0
318 55 0
166 210 0
145 66 0
282 349 0
190 195 0
304 327 0
395 169 0
177 299 0
400 302 0
108 309 0
206 63 0
365 29 0
186 187 0
61 285 0
159 89 0
230 28 0
143 395 0
190 239 0
60 71 0
140 250 0
217 395 0
128 164 0
163 256 0
62 114 0
109 122 0
23 266 0
184 387 0
294 369 0
125 306 0
253 235 0
394 34 0
263 89 0
29 4 0
327 40 0
74 18 0
241 243 0
12 368 0
6 126 0
175 19 0
240 283 0
140 214 0
101 324 0
152 346 0
244 277 0
252 97 0
63 245 0
82 277 0
333 62 0
280 212 0
102 306 0
181 342 0
148 193 0
262 153 0
318 36 0
171 109 0
271 263 0
322 371 0
186 74 0
316 29 0
302 167 0
77 364 0
364 111 0
193 248 0
172 72 0
11 273 0
377 192 0
167 76 0
336 28 0
228 205 0
15 351 0
213 187 0
255 350 0
212 123 0
330 65 0
241 359 0
381 204 0
69 173 0
4 240 0
244 14 0
157 231 0
248 92 0
210 28 0
297 224 0
330 162 0
109 142 0
348 315 0
43 112 0
37 372 0
176 230 0
282 156 0
33 350 0
328 388 0
142 124 0
2 158 0
248 110 0
388 95 0
202 197 0
74 50 0
20 3 0
211 80 0
144 110 0
347 138 0
221 383 0
62 349 0
164 343 0
104 197 0
245 384 0
136 338 0
59 89 0
95 306 0
199 34 0
352 400 0
230 26 0
49 201 0
28 211 0
233 124 0
320 179 0
261 141 0
113 322 0
89 277 0
217 144 0
25 13 0
79 160 0
350 137 0
249 44 0
394 399 0
350 258 0
371 350 0
10 398 0
160 242 0
121 79 0
20 334 0
171 85 0
207 211 0
361 23 0
307 337 0
35 385 0
96 336 0
74 296 0
379 67 0
294 7 0
12 243 0
264 382 0
192 226 0
332 303 0
67 4 0
382 39 0
337 104 0
123 144 0
315 35 0
118 173 0
371 105 0
157 66 0
40 182 0
314 19 0
249 207 0
377 212 0
2 193 0
146 145 0
18 29 0
48 84 0
32 29 0
122 369 0
84 196 0
64 350 0
230 181 0
122 200 0
285 279 0
218 325 0
12 131 0
295 260 0
289 223 0
24 290 0
15 169 0
35 32 0
197 82 0
68 180 0
62 141 0
148 145 0
337 163 0
95 118 0
296 216 0
46 87 0
56 58 0
217 302 0
269 57 0
125 292 0
347 91 0
12 333 0
123 160 0
14 190 0
340 27 0
282 39 0
123 218 0
154 217 0
336 49 0
385 205 0
180 382 0
243 236 0
391 59 0
89 260 0
103 13 0
256 67 0
345 378 0
178 310 0
119 69 0
288 400 0
108 11 0
170 213 0
179 57 0
261 115 0
213 40 0
97 55 0
227 87 0
65 316 0
298 179 0
32 1 0
144 287 0
19 40 0
216 196 0
350 334 0
265 237 0
286 324 0
247 7 0
136 378 0
63 348 0
92 275 0
387 188 0
281 214 0
227 345 0
81 124 0
75 112 0
76 218 0
399 94 0
258 166 0
290 159 0
100 106 0
395 337 0
381 194 0
343 68 0
171 357 0
15 262 0
231 1 0
2 63 0
166 228 0
7 246 0
351 81 0
310 27 0
251 260 0
72 60 0
218 76 0
18 164 0
12 398 0
357 306 0
65 79 0
262 31 0
341 44 0
32 294 0
106 197 0
121 64 0
395 71 0
97 304 0
49 347 0
115 121 0
6 139 0
33 175 0
167 3 0
338 130 0
352 295 0
36 369 0
325 249 0
399 217 0
245 30 0
110 350 0
179 230 0
366 125 0
253 62 0
380 301 0
8 94 0
373 365 0
184 6 0
139 350 0
360 76 0
80 311 0
322 67 0
279 199 0
315 230 0
15 159 0
211 125 0
61 389 0
306 26 0
113 158 0
39 44 0
11 398 0
137 383 0
362 321 0
340 52 0
270 299 0
79 301 0
162 353 0
367 392 0
151 234 0
221 117 0
344 32 0
241 4 0
372 99 0
381 85 0
256 19 0
128 218 0
16 217 0
201 329 0
137 140 0
380 358 0
391 11 0
211 152 0
363 177 0
143 113 0
362 316 0
347 22 0
261 318 0
120 242 0
354 327 0
212 34 0
145 228 0
250 297 0
156 338 0
388 88 0
247 378 0
98 57 0
81 60 0
186 176 0
124 147 0
91 304 0
4 37 0
277 265 0
306 348 0
58 260 0
227 269 0
245 371 0
96 94 0
267 204 0
383 206 0
291 229 0
136 340 0
351 23 0
343 74 0
121 33 0
329 77 0
21 206 0
341 279 0
105 398 0
138 331 0
266 382 0
301 314 0
27 119 0
69 9 0
189 12 0
250 26 0
179 200 0
400 122 0
225 73 0
106 153 0
149 79 0
310 89 0
357 15 0
38 46 0
345 255 0
379 198 0
120 357 0
268 188 0
365 144 0
98 105 0
155 347 0
83 334 0
98 82 0
55 322 0
154 112 0
75 302 0
190 384 0
342 146 0
350 331 0
143 295 0
186 121 0
44 305 0
77 311 0
45 393 0
55 142 0
50 161 0
41 132 0
94 138 0
165 100 0
60 271 0
212 86 0
124 353 0
21 18 0
51 371 0
348 193 0
217 133 0
266 260 0
390 294 0
170 34 0
239 176 0
127 288 0
337 167 0
371 30 0
257 135 0
82 268 0
357 293 0
353 81 0
197 373 0
98 247 0
295 45 0
40 111 0
130 305 0
322 119 0
150 92 0
104 388 0
219 230 0
275 155 0
349 245 0
137 205 0
332 218 0
72 288 0
62 24 0
368 258 0
348 17 0
105 195 0
14 96 0
257 143 0
352 179 0
213 101 0
222 268 0
97 315 0
195 45 0
112 283 0
249 43 0
100 272 0
282 113 0
295 202 0
370 195 0
389 231 0
121 197 0
325 24 0
375 137 0
125 148 0
4 165 0
188 53 0
31 334 0
49 142 0
216 250 0
184 267 0
121 18 0
379 16 0
219 300 0
162 36 0
326 102 0
219 398 0
298 95 0
22 225 0
372 187 0
214 111 0
191 244 0
396 240 0
386 211 0
89 121 0
29 209 0
138 7 0
307 289 0
296 184 0
390 114 0
133 240 0
208 106 0
64 391 0
155 387 0
130 368 0
50 272 0
164 45 0
111 149 0
256 151 0
221 284 0
360 311 0
243 87 0
218 101 0
376 113 0
178 368 0
74 171 0
328 180 0
110 9 0
148 159 0
281 311 0
203 343 0
11 10 0
94 183 0
246 5 0
93 88 0
91 311 0
140 18 0
335 153 0
294 42 0
90 319 0
213 369 0
99 322 0
378 246 0
32 210 0
108 234 0
152 70 0
196 245 0
252 41 0
201 345 0
80 292 0
207 219 0
261 181 0
145 147 0
285 38 0
189 374 0
357 353 0
295 7 0
226 272 0
204 257 0
33 311 0
42 184 0
332 237 0
381 183 0
229 181 0
79 308 0
24 285 0
78 285 0
18 174 0
31 302 0
164 219 0
228 72 0
123 122 0
78 348 0
345 281 0
204 377 0
143 246 0
160 74 0
34 92 0
208 263 0
273 287 0
122 296 0
123 200 0
132 140 0
373 163 0
394 88 0
333 221 0
159 56 0
342 236 0
3 286 0
116 159 0
214 210 0
356 325 0
235 389 0
17 43 0
251 289 0
281 373 0
136 3 0
124 268 0
143 48 0
382 88 0
136 266 0
308 294 0
273 201 0
130 276 0
38 197 0
386 251 0
359 341 0
175 193 0
329 191 0
235 180 0
31 115 0
104 119 0
118 227 0
338 212 0
226 271 0
251 361 0
136 158 0
255 9 0
358 336 0
236 395 0
84 221 0
197 42 0
161 371 0
235 89 0
114 21 0
220 96 0
136 275 0
166 205 0
53 103 0
368 279 0
373 218 0
239 61 0
327 93 0
69 236 0
380 304 0
230 64 0
76 378 0
105 236 0
348 291 0
276 13 0
312 48 0
109 399 0
322 226 0
155 375 0
329 74 0
243 91 0
313 169 0
136 333 0
356 67 0
236 137 0
130 263 0
114 187 0
98 61 0
29 326 0
26 340 0
373 86 0
290 294 0
311 396 0
220 239 0
69 24 0
44 263 0
67 356 0
31 202 0
289 338 0
220 76 0
74 350 0
339 187 0
88 388 0
200 116 0
313 225 0
8 237 0
310 297 0
83 172 0
293 302 0
11 313 0
326 54 0
176 392 0
361 158 0
145 249 0
96 364 0
277 169 0
265 215 0
308 304 0
154 107 0
372 19 0
283 379 0
255 144 0
227 337 0
315 71 0
191 277 0
384 68 0
282 159 0
59 243 0
268 155 0
43 363 0
70 319 0
84 287 0
85 391 0
49 161 0
257 331 0
91 63 0
74 318 0
400 388 0
388 142 0
265 323 0
209 146 0
81 219 0
340 301 0
373 383 0
263 394 0
301 298 0
280 338 0
288 22 0
176 336 0
134 384 0
218 225 0
46 291 0
94 397 0
279 81 0
138 95 0
4 298 0
192 36 0
116 132 0
336 40 0
114 151 0
34 366 0
48 265 0
255 288 0
286 382 0
175 20 0
365 393 0
196 363 0
283 289 0
311 113 0
369 1 0
159 324 0
298 351 0
360 14 0
34 247 0
53 99 0
397 38 0
64 45 0
303 271 0
284 140 0
252 58 0
159 169 0
50 354 0
131 285 0
194 41 0
349 163 0
41 60 0
38 291 0
10 397 0
304 395 0
196 308 0
93 192 0
298 108 0
188 200 0
378 71 0
291 230 0
81 50 0
398 82 0
355 80 0
318 149 0
72 219 0
263 65 0
278 300 0
355 239 0
249 210 0
233 44 0
117 325 0
187 14 0
32 327 0
165 362 0
397 56 0
143 29 0
57 92 0
63 363 0
171 380 0
63 194 0
198 325 0
258 75 0
177 164 0
265 25 0
373 97 0
20 42 0
373 206 0
7 357 0
132 124 0
318 81 0
179 12 0
61 187 0
103 123 0
101 273 0
103 164 0
18 252 0
40 276 0
279 216 0
391 143 0
192 364 0
192 163 0
5 164 0
321 11 0
72 4 0
134 341 0
36 264 0
352 97 0
2 54 0
171 103 0
278 225 0
218 296 0
77 257 0
123 355 0
25 113 0
49 168 0
76 240 0
283 32 0
395 27 0
158 80 0
368 194 0
296 319 0
242 297 0
325 12 0
351 202 0
237 120 0
97 265 0
329 219 0
171 353 0
284 219 0
72 359 0
11 354 0
391 366 0
108 337 0
344 266 0
16 311 0
59 311 0
182 252 0
160 106 0
263 110 0
307 51 0
230 356 0
315 158 0
126 85 0
62 9 0
256 85 0
320 266 0
391 310 0
183 98 0
198 126 0
363 213 0
37 373 0
124 170 0
224 283 0
275 39 0
344 133 0
89 125 0
88 356 0
282 166 0
392 295 0
174 247 0
380 93 0
64 370 0
354 246 0
19 151 0
372 334 0
129 82 0
321 355 0
120 264 0
39 160 0
389 127 0
115 222 0
244 107 0
69 17 0
110 369 0
166 339 0
166 89 0
48 178 0
119 128 0
211 391 0
34 282 0
206 73 0
41 194 0
151 108 0
368 394 0
166 36 0
10 22 0
387 71 0
342 355 0
38 108 0
293 203 0
196 165 0
235 196 0
294 353 0
323 56 0
343 309 0
337 148 0
381 329 0
294 83 0
388 213 0
76 105 0
200 37 0
127 186 0
60 68 0
92 97 0
127 384 0
251 323 0
100 85 0
118 345 0
389 392 0
400 331 0
300 288 0
30 232 0
169 275 0
314 156 0
87 341 0
261 286 0
330 339 0
71 341 0
358 114 0
389 85 0
50 239 0
359 149 0
275 28 0
46 263 0
19 397 0
145 271 0
237 174 0
54 5 0
49 320 0
160 87 0
212 372 0
373 141 0
262 395 0
81 220 0
109 21 0
256 158 0
259 214 0
258 85 0
241 255 0
347 211 0
204 91 0
81 40 0
217 87 0
44 217 0
6 155 0
303 217 0
79 275 0
310 340 0
222 342 0
111 282 0
363 366 0
391 221 0
306 371 0
55 204 0
182 258 0
247 214 0
249 63 0
300 244 0
279 305 0
398 181 0
74 76 0
8 383 0
368 181 0
324 78 0
62 286 0
44 4 0
59 174 0
203 316 0
145 209 0
71 278 0
18 317 0
91 266 0
379 343 0
109 209 0
199 59 0
342 272 0
86 301 0
206 53 0
81 130 0
83 94 0
367 78 0
97 377 0
244 347 0
60 315 0
224 77 0
231 315 0
343 162 0
209 3 0
370 7 0
61 263 0
279 147 0
163 84 0
151 195 0
165 233 0
288 84 0
310 336 0
12 161 0
187 256 0
59 246 0
170 283 0
322 352 0
149 216 0
113 357 0
219 35 0
363 279 0
249 193 0
377 12 0
229 128 0
206 345 0
360 46 0
28 270 0
381 40 0
382 119 0
247 40 0
364 368 0
274 238 0
319 22 0
53 384 0
330 223 0
370 293 0
102 218 0
37 78 0
181 265 0
157 339 0
210 117 0
384 189 0
338 316 0
180 271 0
35 378 0
262 350 0
345 136 0
139 216 0
109 144 0
199 39 0
366 120 0
283 19 0
289 319 0
49 70 0
136 205 0
8 297 0
273 343 0
85 210 0
210 217 0
32 244 0
194 294 0
146 139 0
381 236 0
306 41 0
379 56 0
79 345 0
175 313 0
315 63 0
184 363 0
84 319 0
120 43 0
215 392 0
337 251 0
154 147 0
67 185 0
342 213 0
30 87 0
351 362 0
323 256 0
355 253 0
311 33 0
197 37 0
298 64 0
51 81 0
378 87 0
399 97 0
129 165 0
89 66 0
15 194 0
164 34 0
330 105 0
246 312 0
192 196 0
3 227 0
318 265 0
212 67 0
253 61 0
130 303 0
389 91 0
255 196 0
87 221 0
389 250 0
254 318 0
354 99 0
229 97 0
246 54 0
114 200 0
232 32 0
64 395 0
50 268 0
55 179 0
123 147 0
237 344 0
132 43 0
139 170 0
264 127 0
19 117 0
397 325 0
216 177 0
373 13 0
182 87 0
213 14 0
118 228 0
8 119 0
96 15 0
297 218 0
161 85 0
280 350 0
29 364 0
392 119 0
85 255 0
246 56 0
324 194 0
380 91 0
370 304 0
103 152 0
390 267 0
117 59 0
95 76 0
177 190 0
90 25 0
359 203 0
110 190 0
152 90 0
105 143 0
208 190 0
350 5 0
245 225 0
198 176 0
315 120 0
79 369 0
223 69 0
236 339 0
127 330 0
366 256 0
71 56 0
280 381 0
258 341 0
122 9 0
30 227 0
103 190 0
16 52 0
146 212 0
276 296 0
339 142 0
15 17 0
111 189 0
37 298 0
79 116 0
179 44 0
371 201 0
51 250 0
181 308 0
191 302 0
268 172 0
80 323 0
313 47 0
326 59 0
258 154 0
354 196 0
295 320 0
165 357 0
60 201 0
254 138 0
316 384 0
181 238 0
184 232 0
88 364 0
91 230 0
218 311 0
1 297 0
233 314 0
344 110 0
324 153 0
263 277 0
301 158 0
148 17 0
66 207 0
217 272 0
344 85 0
255 76 0
274 39 0
259 361 0
190 171 0
212 143 0
20 396 0
8 315 0
105 331 0
67 368 0
159 319 0
77 306 0
335 142 0
112 104 0
365 7 0
140 220 0
82 13 0
326 211 0
194 67 0
334 5 0
209 353 0
352 168 0
267 56 0
98 285 0
375 256 0
204 51 0
113 90 0
145 224 0
145 109 0
230 236 0
280 264 0
249 137 0
156 126 0
300 349 0
192 233 0
305 353 0
185 256 0
120 3 0
311 170 0
287 238 0
240 90 0
132 384 0
313 228 0
45 95 0
64 324 0
310 312 0
13 65 0
37 264 0
13 180 0
96 269 0
132 232 0
124 252 0
234 386 0
373 72 0
223 349 0
114 63 0
398 351 0
24 394 0
397 87 0
270 306 0
350 282 0
370 338 0
145 334 0
70 192 0
154 201 0
375 277 0
4 160 0
262 376 0
231 37 0
325 296 0
51 362 0
92 48 0
264 68 0
394 260 0
106 263 0
117 56 0
144 38 0
345 240 0
323 14 0
383 76 0
167 357 0
352 122 0
116 166 0
98 298 0
202 374 0
194 252 0
287 237 0
251 103 0
304 244 0
314 10 0
106 31 0
17 201 0
68 361 0
392 343 0
327 374 0
18 45 0
330 322 0
166 397 0
87 215 0
247 240 0
140 40 0
43 27 0
276 293 0
129 132 0
89 42 0
141 146 0
24 157 0
299 44 0
69 290 0
386 395 0
264 3 0
391 145 0
324 157 0
94 362 0
323 340 0
201 63 0
331 243 0
41 158 0
88 121 0
289 128 0
162 29 0
273 138 0
185 123 0
181 254 0
13 166 0
200 276 0
168 143 0
372 44 0
251 65 0
5 173 0
356 158 0
187 286 0
352 227 0
44 391 0
347 332 0
118 61 0
313 343 0
65 378 0
302 77 0
95 54 0
304 262 0
196 228 0
257 398 0
244 214 0
170 200 0
371 309 0
37 274 0
87 32 0
265 34 0
316 334 0
46 228 0
276 195 0
124 130 0
321 218 0
183 177 0
31 330 0
4 288 0
327 247 0
53 48 0
398 375 0
308 387 0
248 395 0
18 112 0
380 333 0
398 25 0
112 273 0
171 388 0
117 294 0
69 38 0
111 203 0
132 169 0
380 10 0
15 32 0
9 365 0
6 317 0
303 254 0
263 320 0
317 242 0
205 314 0
218 268 0
139 388 0
207 255 0
281 275 0
244 391 0
77 57 0
83 160 0
225 63 0
121 192 0
94 130 0
108 52 0
398 10 0
305 212 0
281 173 0
53 37 0
39 270 0
305 129 0
257 111 0
335 89 0
338 179 0
31 14 0
187 113 0
174 12 0
175 294 0
155 221 0
375 262 0
272 324 0
223 128 0
87 103 0
252 139 0
92 290 0
360 396 0
18 168 0
58 353 0
256 395 0
83 286 0
361 269 0
399 134 0
280 125 0
379 386 0
345 306 0
199 168 0
181 21 0
295 268 0
76 147 0
358 167 0
388 318 0
114 6 0
85 123 0
310 293 0
118 344 0
178 78 0
212 128 0
163 44 0
205 93 0
29 101 0
350 228 0
269 83 0
200 115 0
350 275 0
261 307 0
393 201 0
176 106 0
158 213 0
229 67 0
105 298 0
362 234 0
327 173 0
314 41 0
216 118 0
85 197 0
218 35 0
24 86 0
117 223 0
153 18 0
98 365 0
276 42 0
165 52 0
148 322 0
264 328 0
340 320 0
177 301 0
153 103 0
74 66 0
95 241 0
135 179 0
37 353 0
165 60 0
390 281 0
235 142 0
250 284 0
107 126 0
325 223 0
129 24 0
145 344 0
351 84 0
263 127 0
337 367 0
181 10 0
33 275 0
202 119 0
54 239 0
250 365 0
51 84 0
58 252 0
367 164 0
339 57 0
267 83 0
400 170 0
118 262 0
296 54 0
229 77 0
15 213 0
351 217 0
331 356 0
55 306 0
126 304 0
270 128 0
340 327 0
379 258 0
43 308 0
101 381 0
364 320 0
63 364 0
89 132 0
225 336 0
186 5 0
12 200 0
217 315 0
368 100 0
222 22 0
5 347 0
278 226 0
74 169 0
152 53 0
378 194 0
360 31 0
174 275 0
350 188 0
238 390 0
320 15 0
19 337 0
208 188 0
203 176 0
239 376 0
149 195 0
323 378 0
20 348 0
146 123 0
352 76 0
317 263 0
106 42 0
138 55 0
182 327 0
341 320 0
109 312 0
208 316 0
99 10 0
43 289 0
338 192 0
83 260 0
121 54 0
159 219 0
176 63 0
294 44 0
277 399 0
86 14 0
5 219 0
293 400 0
271 233 0
319 331 0
144 127 0
198 194 0
88 241 0
82 25 0
384 116 0
236 104 0
169 347 0
322 297 0
9 167 0
340 285 0
165 377 0
251 169 0
195 143 0
120 17 0
327 39 0
347 23 0
117 97 0
168 204 0
337 202 0
229 272 0
317 16 0
375 38 0
362 249 0
334 370 0
15 225 0
207 132 0
202 57 0
151 372 0
365 77 0
10 263 0
51 126 0
359 219 0
281 247 0
20 61 0
118 336 0
77 45 0
325 38 0
293 258 0
83 166 0
390 236 0
174 242 0
183 276 0
213 147 0
304 174 0
10 355 0
251 320 0
173 131 0
167 192 0
192 284 0
79 268 0
328 4 0
257 172 0
213 216 0
31 247 0
333 372 0
34 58 0
213 217 0
333 377 0
315 237 0
150 324 0
191 352 0
196 315 0
83 362 0
58 274 0
245 136 0
93 125 0
91 349 0
248 256 0
117 278 0
54 49 0
202 88 0
107 14 0
304 391 0
343 218 0
227 44 0
94 369 0
396 289 0
283 78 0
303 398 0
28 395 0
122 70 0
343 370 0
325 11 0
199 331 0
60 400 0
366 273 0
108 308 0
42 287 0
303 87 0
207 298 0
327 42 0
327 128 0
381 229 0
126 360 0
223 199 0
30 118 0
168 306 0
128 319 0
236 139 0
270 205 0
208 235 0
77 316 0
94 119 0
154 397 0
205 360 0
246 84 0
353 173 0
211 286 0
353 336 0
245 176 0
135 226 0
245 254 0
132 324 0
124 319 0
15 394 0
228 200 0
137 274 0
270 242 0
222 27 0
154 67 0
110 106 0
191 320 0
391 144 0
271 294 0
13 67 0
99 96 0
390 223 0
15 4 0
216 138 0
226 395 0
289 314 0
268 111 0
108 41 0
137 261 0
60 198 0
318 250 0
69 261 0
345 228 0
48 215 0
121 12 0
281 172 0
108 223 0
394 122 0
226 161 0
259 3 0
155 99 0
269 375 0
209 376 0
15 297 0
188 74 0
94 57 0
317 220 0
342 316 0
35 63 0
328 267 0
234 35 0
89 179 0
156 267 0
339 366 0
221 45 0
64 89 0
19 225 0
16 386 0
121 203 0
11 215 0
212 286 0
329 128 0
106 270 0
396 92 0
284 323 0
358 69 0
357 399 0
199 64 0
265 137 0
29 85 0
182 44 0
126 152 0
268 141 0
137 389 0
296 148 0
155 59 0
385 35 0
138 90 0
256 133 0
133 92 0
55 91 0
160 363 0
41 359 0
26 305 0
47 6 0
341 180 0
2 18 0
332 221 0
111 20 0
161 6 0
119 315 0
64 104 0
301 201 0
145 157 0
286 230 0
248 340 0
272 359 0
255 312 0
269 232 0
168 316 0
190 108 0
47 191 0
78 378 0
11 188 0
350 124 0
145 20 0
390 160 0
75 291 0
360 220 0
399 197 0
49 246 0
137 272 0
204 343 0
183 25 0
174 350 0
340 363 0
9 386 0
105 86 0
316 68 0
273 217 0
191 17 0
236 180 0
176 311 0
22 88 0
82 20 0
284 82 0
265 372 0
353 21 0
266 135 0
397 40 0
84 336 0
354 44 0
273 59 0
130 140 0
78 354 0
356 220 0
371 144 0
351 98 0
6 373 0
137 87 0
392 373 0
120 209 0
344 72 0
181 210 0
158 177 0
201 193 0
64 154 0
236 288 0
164 317 0
380 193 0
271 335 0
12 193 0
30 363 0
290 35 0
287 379 0
73 278 0
351 192 0
38 246 0
215 170 0
7 324 0
346 207 0
116 361 0
313 304 0
201 28 0
220 180 0
173 90 0
66 184 0
282 96 0
98 124 0
82 384 0
102 155 0
214 52 0
298 251 0
249 65 0
21 256 0
62 104 0
231 326 0
359 31 0
306 178 0
210 78 0
220 275 0
261 53 0
322 311 0
176 4 0
294 229 0
110 107 0
232 7 0
310 81 0
71 330 0
336 11 0
199 349 0
114 381 0
227 24 0
11 132 0
201 172 0
209 372 0
47 21 0
25 320 0
331 200 0
283 212 0
391 192 0
292 13 0
73 179 0
23 224 0
80 88 0
204 306 0
111 167 0
338 197 0
235 336 0
169 259 0
256 100 0
11 178 0
276 391 0
162 110 0
154 104 0
254 398 0
68 278 0
176 91 0
53 207 0
130 209 0
112 241 0
375 100 0
56 312 0
296 290 0
248 65 0
149 55 0
116 111 0
232 343 0
53 345 0
4 206 0
400 257 0
203 68 0
87 331 0
158 139 0
137 239 0
347 201 0
31 321 0
300 86 0
185 148 0
376 384 0
164 76 0
38 279 0
186 221 0
173 238 0
118 176 0
395 117 0
385 150 0
184 71 0
80 293 0
209 168 0
368 162 0
380 268 0
248 164 0
15 175 0
99 178 0
250 88 0
8 387 0
309 180 0
176 378 0
307 170 0
94 291 0
319 230 0
361 350 0
118 205 0
229 85 0
367 160 0
304 166 0
276 318 0
340 374 0
47 141 0
62 6 0
127 322 0
137 302 0
23 344 0
334 342 0
173 247 0
243 295 0
368 360 0
99 148 0
397 17 0
307 300 0
170 121 0
108 168 0
213 169 0
174 339 0
42 310 0
192 340 0
353 215 0
283 239 0
108 8 0
85 350 0
302 4 0
262 352 0
103 210 0
369 361 0
109 150 0
95 230 0
223 202 0
398 35 0
322 123 0
326 315 0
32 117 0
254 337 0
283 88 0
127 390 0
95 163 0
292 348 0
166 153 0
300 220 0
362 220 0
180 22 0
369 226 0
252 143 0
379 201 0
130 300 0
323 7 0
166 306 0
123 371 0
194 6 0
59 320 0
347 105 0
34 238 0
5 151 0
342 256 0
370 255 0
75 102 0
277 395 0
327 80 0
138 306 0
232 219 0
225 323 0
11 299 0
245 205 0
76 203 0
360 110 0
392 316 0
260 334 0
171 182 0
140 245 0
283 368 0
239 161 0
47 328 0
18 230 0
146 127 0
335 322 0
1 346 0
221 245 0
102 28 0
100 177 0
230 11 0
238 174 0
326 50 0
107 48 0
183 198 0
292 17 0
166 130 0
10 147 0
394 155 0
225 328 0
29 225 0
21 326 0
228 120 0
55 10 0
82 292 0
183 7 0
293 241 0
6 75 0
38 297 0
91 203 0
379 220 0
367 388 0
318 312 0
94 142 0
239 122 0
318 64 0
322 338 0
389 150 0
10 43 0
111 91 0
287 293 0
50 179 0
133 55 0
206 122 0
304 248 0
325 282 0
67 243 0
269 336 0
154 314 0
29 344 0
36 346 0
7 309 0
284 396 0
10 245 0
390 120 0
335 276 0
12 336 0
55 96 0
391 212 0
218 294 0
59 94 0
127 78 0
288 395 0
13 393 0
260 42 0
336 295 0
339 343 0
204 174 0
290 165 0
18 279 0
285 353 0
107 248 0
288 161 0
344 230 0
372 113 0
75 382 0
158 201 0
59 45 0
147 72 0
37 7 0
65 372 0
301 3 0
266 56 0
177 107 0
221 146 0
50 44 0
304 290 0
156 247 0
119 79 0
311 194 0
346 71 0
112 93 0
94 100 0
24 351 0
112 289 0
7 240 0
348 179 0
338 237 0
235 387 0
232 138 0
276 387 0
337 395 0
17 247 0
140 28 0
315 85 0
98 378 0
177 143 0
78 227 0
252 101 0
178 364 0
341 136 0
155 240 0
314 92 0
76 100 0
79 307 0
189 306 0
245 125 0
252 213 0
324 391 0
193 190 0
28 242 0
167 156 0
385 196 0
383 236 0
296 112 0
151 189 0
247 306 0
28 112 0
349 56 0
163 379 0
362 351 0
285 159 0
76 136 0
323 351 0
79 115 0
140 58 0
357 258 0
213 341 0
54 147 0
176 301 0
210 327 0
89 8 0
184 69 0
119 132 0
124 281 0
63 37 0
232 347 0
147 259 0
34 70 0
209 64 0
184 300 0
121 140 0
157 286 0
32 162 0
384 160 0
15 146 0
86 103 0
153 221 0
123 224 0
304 246 0
56 366 0
235 239 0
264 381 0
97 250 0
50 257 0
313 234 0
108 386 0
325 217 0
223 309 0
378 206 0
68 392 0
303 153 0
47 56 0
325 169 0
279 228 0
367 334 0
194 201 0
173 9 0
133 221 0
258 183 0
30 123 0
368 137 0
108 244 0
353 330 0
152 283 0
87 219 0
226 390 0
323 272 0
397 247 0
393 275 0
27 359 0
111 284 0
180 243 0
105 38 0
377 86 0
160 344 0
174 219 0
188 79 0
100 339 0
361 138 0
110 186 0
127 32 0
10 123 0
231 2 0
349 257 0
312 61 0
28 374 0
344 207 0
216 400 0
196 145 0
85 307 0
88 211 0
125 227 0
289 224 0
118 249 0
362 227 0
386 40 0
210 395 0
115 392 0
396 15 0
248 259 0
75 227 0
232 19 0
34 48 0
370 229 0
144 7 0
136 231 0
217 212 0
10 105 0
388 127 0
305 301 0
305 290 0
340 66 0
285 6 0
58 232 0
21 257 0
91 95 0
84 274 0
65 69 0
321 387 0
249 16 0
393 336 0
247 209 0
148 208 0
313 135 0
334 217 0
35 190 0
58 326 0
207 294 0
332 264 0
78 304 0
73 120 0
398 108 0
393 15 0
128 266 0
1 376 0
281 393 0
312 127 0
153 11 0
286 17 0
97 219 0
185 83 0
360 242 0
8 167 0
136 291 0
382 165 0
113 276 0
141 62 0
168 22 0
6 31 0
100 158 0
41 386 0
156 358 0
171 68 0
151 130 0
234 286 0
21 167 0
2 166 0
173 285 0
261 237 0
161 370 0
29 253 0
31 148 0
274 36 0
178 326 0
145 170 0
311 318 0
258 18 0
227 380 0
85 378 0
109 270 0
215 81 0
37 217 0
247 161 0
101 59 0
397 261 0
29 377 0
114 11 0
124 339 0
47 301 0
264 191 0
22 126 0
61 279 0
258 228 0
264 319 0
98 79 0
399 86 0
295 197 0
246 395 0
256 194 0
208 236 0
171 273 0
246 294 0
163 244 0
147 27 0
387 168 0
104 399 0
399 247 0
285 208 0
27 101 0
126 76 0
179 77 0
161 25 0
273 358 0
371 80 0
267 273 0
2 113 0
119 117 0
95 246 0
384 198 0
244 334 0
397 129 0
142 23 0
229 219 0
50 359 0
295 162 0
383 120 0
119 305 0
199 221 0
35 66 0
94 388 0
130 164 0
104 389 0
380 198 0
235 315 0
396 78 0
249 344 0
158 342 0
366 338 0
160 367 0
248 55 0
128 230 0
174 246 0
135 324 0
18 121 0
341 111 0
108 70 0
226 212 0
11 205 0
361 245 0
120 356 0
274 320 0
251 384 0
261 216 0
321 20 0
182 169 0
74 261 0
350 199 0
106 36 0
123 124 0
156 63 0
186 264 0
85 12 0
27 95 0
168 387 0
291 239 0
295 116 0
158 145 0
99 18 0
313 372 0
390 46 0
92 15 0
307 41 0
214 364 0
29 336 0
39 184 0
350 177 0
399 34 0
188 25 0
80 307 0
364 322 0
146 258 0
38 255 0
354 88 0
273 266 0
59 214 0
312 150 0
228 170 0
143 41 0
133 171 0
328 172 0
306 278 0
348 305 0
263 87 0
281 295 0
345 244 0
216 90 0
53 205 0
345 7 0
245 169 0
224 255 0
382 135 0
357 161 0
304 99 0
202 389 0
160 126 0
358 59 0
382 173 0
97 263 0
19 41 0
58 186 0
131 111 0
391 27 0
69 187 0
195 292 0
41 128 0
379 397 0
288 234 0
47 41 0
222 267 0
122 333 0
345 31 0
391 326 0
155 39 0
140 173 0
80 198 0
359 210 0
260 301 0
188 280 0
87 334 0
171 79 0
61 101 0
28 300 0
335 74 0
293 108 0
293 366 0
41 189 0
348 383 0
114 55 0
22 254 0
227 101 0
3 137 0
262 214 0
389 49 0
93 27 0
382 215 0
106 394 0
268 85 0
245 202 0
158 89 0
261 2 0
54 253 0
190 354 0
236 256 0
8 209 0
61 234 0
261 15 0
323 74 0
228 311 0
74 272 0
338 7 0
86 395 0
352 353 0
79 196 0
285 367 0
190 290 0
219 331 0
243 6 0
138 250 0
166 198 0
36 378 0
212 358 0
3 39 0
310 157 0
34 348 0
103 385 0
252 181 0
133 310 0
276 110 0
258 46 0
392 53 0
4 130 0
254 121 0
327 289 0
51 91 0
198 53 0
129 18 0
81 391 0
126 66 0
290 229 0
51 93 0
361 135 0
2 329 0
103 229 0
390 312 0
227 334 0
364 182 0
63 170 0
302 341 0
58 304 0
31 208 0
309 112 0
225 389 0
54 302 0
6 295 0
130 56 0
387 91 0
142 389 0
371 244 0
108 395 0
246 23 0
176 260 0
192 30 0
152 250 0
333 135 0
57 241 0
198 233 0
181 203 0
134 187 0
97 216 0
194 35 0
258 336 0
375 180 0
131 144 0
92 238 0
138 289 0
261 314 0
253 227 0
338 309 0
68 87 0
93 200 0
289 227 0
386 337 0
394 180 0
371 251 0
67 346 0
30 197 0
41 74 0
35 178 0
314 295 0
91 14 0
346 385 0
169 199 0
212 106 0
59 231 0
144 104 0
30 384 0
282 368 0
320 275 0
147 242 0
77 165 0
139 106 0
361 179 0
131 395 0
357 45 0
241 399 0
10 139 0
336 178 0
289 99 0
235 299 0
329 330 0
2 310 0
313 283 0
277 184 0
109 375 0
25 185 0
139 116 0
243 100 0
294 373 0
46 202 0
369 239 0
153 330 0
377 40 0
59 217 0
138 245 0
115 66 0
174 69 0
327 86 0
351 204 0
269 60 0
178 246 0
244 317 0
361 38 0
368 206 0
11 365 0
360 331 0
203 112 0
261 131 0
103 319 0
347 240 0
164 14 0
257 289 0
82 183 0
375 384 0
386 195 0
395 164 0
392 191 0
32 352 0
228 399 0
315 69 0
121 118 0
132 381 0
248 234 0
251 147 0
73 366 0
112 281 0
255 145 0
63 181 0
128 1 0
327 123 0
116 319 0
313 147 0
222 92 0
97 331 0
282 11 0
351 2 0
128 82 0
334 328 0
267 136 0
26 339 0
102 137 0
171 308 0
281 234 0
40 360 0
234 366 0
34 349 0
236 298 0
47 58 0
390 143 0
340 271 0
105 291 0
224 185 0
372 157 0
64 191 0
292 89 0
129 345 0
177 252 0
204 9 0
85 243 0
368 270 0
170 396 0
299 168 0
53 240 0
310 393 0
110 366 0
283 333 0
150 206 0
41 213 0
396 285 0
253 77 0
229 381 0
328 385 0
389 364 0
227 309 0
185 387 0
310 306 0
383 160 0
73 387 0
400 334 0
379 61 0
299 213 0
394 1 0
371 34 0
213 366 0
270 18 0
394 51 0
398 273 0
35 387 0
188 213 0
295 372 0
200 156 0
277 134 0
267 349 0
120 266 0
282 51 0
327 133 0
215 272 0
133 185 0
257 297 0
103 127 0
314 48 0
177 264 0
321 163 0
202 108 0
375 48 0
32 174 0
155 308 0
259 21 0
209 331 0
239 42 0
333 165 0
174 147 0
388 306 0
284 244 0
155 386 0
322 20 0
33 50 0
283 305 0
13 187 0
83 44 0
312 237 0
303 171 0
210 63 0
105 385 0
164 278 0
83 151 0
136 366 0
346 242 0
261 288 0
269 96 0
192 81 0
131 156 0
267 214 0
151 178 0
300 211 0
116 304 0
210 172 0
240 373 0
2 323 0
75 137 0
378 95 0
192 190 0
382 60 0
285 173 0
140 16 0
329 358 0
181 79 0
88 182 0
84 339 0
345 152 0
323 82 0
79 324 0
356 105 0
12 148 0
77 341 0
242 220 0
131 223 0
232 15 0
347 323 0
382 227 0
281 162 0
258 320 0
296 341 0
258 192 0
92 100 0
297 367 0
134 327 0
290 41 0
384 254 0
140 12 0
194 381 0
232 276 0
155 63 0
243 54 0
385 224 0
280 217 0
338 137 0
136 185 0
376 121 0
45 224 0
39 130 0
103 281 0
171 86 0
134 310 0
97 279 0
243 280 0
155 349 0
294 397 0
2 231 0
172 234 0
47 61 0
370 183 0
245 399 0
128 172 0
72 172 0
396 62 0
254 50 0
342 24 0
135 27 0
285 183 0
63 60 0
28 308 0
8 381 0
138 131 0
214 185 0
192 136 0
319 36 0
134 398 0
208 157 0
169 155 0
219 374 0
204 160 0
349 290 0
187 234 0
72 44 0
264 86 0
55 291 0
394 62 0
224 83 0
144 37 0
267 335 0
172 137 0
323 258 0
134 82 0
14 255 0
236 232 0
228 391 0
344 177 0
280 82 0
362 303 0
125 225 0
341 179 0
68 286 0
192 291 0
368 287 0
279 187 0
222 51 0
308 9 0
177 273 0
263 12 0
57 42 0
354 352 0
170 185 0
33 131 0
87 109 0
308 27 0
239 327 0
312 30 0
217 232 0
268 95 0
18 89 0
97 292 0
184 356 0
300 312 0
229 114 0
275 285 0
108 228 0
236 277 0
12 220 0
360 51 0
328 219 0
77 166 0
145 341 0
147 361 0
172 14 0
7 141 0
55 104 0
32 190 0
59 284 0
102 239 0
397 376 0
75 56 0
204 310 0
333 167 0
129 244 0
217 8 0
62 294 0
125 206 0
186 271 0
118 309 0
237 76 0
179 32 0
80 190 0
315 181 0
380 264 0
157 55 0
319 312 0
364 203 0
78 45 0
46 295 0
4 107 0
140 129 0
264 277 0
399 381 0
185 187 0
57 185 0
77 187 0
216 109 0
328 131 0
289 308 0
346 397 0
314 264 0
260 229 0
67 338 0
273 64 0
184 229 0
123 323 0
357 386 0
151 307 0
319 335 0
94 327 0
119 170 0
113 334 0
230 393 0
16 119 0
252 361 0
67 165 0
177 327 0
393 195 0
216 218 0
258 399 0
46 332 0
273 354 0
318 23 0
260 188 0
357 305 0
114 27 0
27 178 0
312 256 0
170 280 0
326 373 0
240 393 0
137 368 0
271 82 0
162 86 0
299 372 0
84 296 0
303 356 0
378 60 0
359 286 0
365 72 0
312 343 0
250 175 0
198 371 0
54 124 0
344 246 0
68 32 0
213 338 0
113 327 0
23 363 0
250 58 0
210 104 0
365 10 0
276 294 0
22 186 0
179 338 0
210 42 0
280 11 0
216 29 0
381 270 0
152 276 0
115 219 0
308 279 0
108 372 0
157 130 0
287 6 0
139 48 0
62 103 0
10 337 0
396 31 0
74 126 0
320 283 0
167 199 0
293 335 0
227 226 0
204 331 0
101 270 0
101 360 0
100 209 0
284 209 0
290 122 0
214 29 0
169 227 0
131 178 0
163 79 0
160 189 0
204 79 0
71 323 0
229 316 0
257 8 0
141 12 0
338 193 0
233 38 0
105 284 0
246 388 0
92 136 0
61 258 0
116 229 0
84 198 0
7 199 0
387 32 0
197 9 0
306 25 0
276 114 0
32 368 0
77 321 0
161 309 0
359 217 0
144 156 0
156 236 0
243 216 0
45 358 0
44 128 0
108 2 0
278 383 0
120 216 0
366 316 0
225 223 0
292 52 0
336 324 0
196 132 0
272 154 0
348 16 0
203 104 0
14 313 0
326 121 0
315 204 0
55 386 0
371 373 0
253 147 0
195 144 0
199 83 0
19 218 0
94 215 0
349 318 0
320 248 0
333 181 0
350 87 0
237 219 0
285 202 0
131 210 0
274 397 0
365 328 0
382 336 0
252 234 0
330 232 0
81 300 0
49 174 0
114 349 0
43 386 0
196 375 0
118 97 0
13 306 0
315 297 0
107 46 0
59 380 0
394 375 0
260 376 0
262 111 0
161 296 0
109 42 0
127 189 0
342 128 0
363 7 0
28 5 0
392 224 0
332 110 0
272 296 0
15 187 0
193 74 0
184 203 0
53 177 0
104 391 0
375 265 0
286 83 0
306 364 0
272 199 0
91 186 0
206 119 0
142 149 0
294 25 0
321 177 0
303 65 0
250 38 0
267 254 0
215 395 0
118 318 0
134 222 0
126 392 0
186 397 0
190 228 0
182 347 0
298 276 0
96 143 0
300 305 0
260 220 0
81 162 0
236 282 0
200 54 0
49 253 0
235 385 0
296 369 0
207 21 0
312 344 0
370 53 0
171 151 0
400 69 0
378 47 0
211 278 0
303 70 0
49 384 0
184 285 0
265 335 0
338 352 0
252 338 0
156 86 0
275 51 0
6 33 0
72 269 0
376 41 0
322 98 0
143 321 0
166 121 0
367 329 0
350 221 0
204 85 0
234 21 0
371 124 0
324 222 0
13 80 0
260 239 0
130 265 0
271 153 0
86 246 0
145 7 0
296 288 0
279 13 0
360 197 0
341 261 0
17 243 0
210 221 0
327 396 0
193 298 0
71 116 0
71 35 0
195 330 0
274 277 0
147 144 0
29 232 0
342 174 0
238 237 0
13 116 0
249 324 0
312 142 0
184 328 0
384 345 0
100 262 0
340 244 0
111 362 0
312 182 0
397 106 0
111 270 0
334 257 0
13 363 0
88 306 0
88 277 0
142 52 0
375 255 0
84 110 0
135 19 0
54 234 0
280 346 0
30 391 0
307 341 0
172 303 0
398 282 0
172 332 0
91 137 0
246 130 0
42 333 0
7 136 0
384 350 0
78 310 0
157 161 0
19 291 0
179 72 0
76 58 0
369 105 0
400 276 0
397 171 0
178 395 0
5 350 0
326 47 0
38 123 0
176 79 0
55 134 0
214 390 0
84 291 0
299 192 0
3 269 0
82 181 0
292 109 0
191 261 0
166 142 0
136 162 0
108 269 0
214 385 0
315 203 0
107 90 0
176 47 0
102 259 0
290 352 0
2 292 0
220 83 0
25 64 0
143 167 0
324 308 0
308 11 0
22 220 0
275 129 0
40 41 0
114 354 0
243 220 0
396 124 0
333 171 0
123 386 0
381 12 0
338 382 0
255 109 0
16 279 0
124 158 0
45 47 0
18 353 0
57 39 0
124 332 0
119 164 0
372 232 0
69 166 0
4 16 0
290 336 0
138 364 0
273 70 0
375 210 0
3 229 0
271 18 0
60 394 0
128 104 0
393 97 0
8 1 0
87 132 0
332 205 0
247 255 0
37 267 0
21 392 0
283 262 0
327 372 0
177 199 0
42 151 0
361 44 0
331 183 0
14 342 0
128 93 0
46 120 0
189 5 0
121 227 0
136 4 0
211 19 0
201 183 0
10 35 0
44 288 0
6 172 0
39 399 0
395 204 0
133 360 0
146 260 0
52 143 0
332 192 0
147 4 0
18 235 0
7 400 0
168 169 0
19 320 0
351 28 0
354 346 0
316 312 0
117 306 0
310 390 0
194 388 0
215 291 0
199 218 0
385 82 0
9 131 0
317 44 0
378 85 0
356 163 0
375 310 0
108 242 0
173 225 0
147 34 0
166 2 0
290 311 0
341 104 0
201 92 0
322 137 0
125 282 0
268 210 0
212 184 0
253 189 0
220 64 0
136 176 0
178 110 0
37 238 0
304 161 0
62 2 0
194 227 0
4 35 0
90 296 0
91 290 0
339 364 0
379 64 0
197 246 0
225 8 0
381 29 0
196 153 0
44 283 0
280 222 0
345 268 0
59 248 0
28 72 0
249 173 0
250 204 0
208 339 0
52 250 0
213 159 0
357 9 0
356 181 0
17 288 0
209 164 0
40 253 0
47 271 0
26 391 0
138 36 0
190 117 0
107 38 0
290 308 0
194 49 0
247 245 0
298 27 0
138 110 0
137 95 0
118 92 0
275 86 0
331 36 0
202 323 0
240 248 0
193 217 0
190 331 0
252 331 0
399 358 0
320 288 0
265 113 0
336 63 0
309 233 0
41 47 0
342 177 0
93 12 0
220 319 0
49 151 0
354 250 0
73 145 0
49 217 0
361 238 0
99 212 0
168 98 0
121 40 0
385 338 0
152 321 0
352 13 0
105 393 0
11 399 0
121 103 0
10 341 0
21 58 0
43 375 0
260 67 0
71 308 0
98 382 0
195 265 0
304 63 0
157 8 0
335 108 0
20 40 0
100 382 0
38 221 0
84 399 0
113 104 0
8 155 0
30 267 0
221 101 0
127 103 0
84 224 0
84 230 0
40 114 0
97 296 0
177 253 0
303 63 0
54 12 0
255 43 0
232 290 0
41 344 0
393 1 0
50 375 0
219 270 0
27 345 0
325 110 0
168 360 0
291 160 0
74 340 0
55 250 0
144 309 0
264 104 0
182 318 0
68 388 0
360 251 0
277 353 0
195 221 0
353 196 0
195 123 0
66 221 0
20 342 0
282 187 0
301 173 0
298 374 0
112 352 0
175 255 0
260 39 0
311 393 0
356 330 0
332 267 0
180 160 0
171 326 0
381 75 0
122 127 0
198 139 0
348 217 0
80 181 0
355 380 0
305 253 0
354 16 0
156 80 0
223 16 0
118 85 0
360 25 0
14 244 0
244 145 0
3 14 0
71 383 0
89 192 0
282 361 0
102 361 0
141 8 0
292 46 0
260 245 0
277 187 0
383 394 0
19 236 0
381 140 0
227 3 0
74 315 0
146 135 0
200 27 0
95 253 0
213 278 0
233 72 0
75 245 0
39 351 0
32 373 0
296 254 0
267 266 0
42 355 0
79 22 0
94 306 0
376 120 0
220 121 0
254 372 0
147 301 0
176 85 0
362 272 0
12 388 0
116 2 0
290 99 0
375 186 0
353 193 0
51 394 0
99 130 0
367 193 0
35 294 0
264 206 0
14 69 0
177 160 0
369 353 0
244 8 0
340 157 0
279 303 0
97 395 0
305 386 0
45 231 0
171 349 0
23 222 0
342 121 0
351 260 0
265 337 0
153 128 0
142 118 0
149 271 0
277 117 0
223 72 0
125 114 0
181 355 0
369 277 0
349 273 0
262 346 0
103 33 0
294 77 0
206 188 0
149 108 0
47 366 0
44 152 0
45 137 0
269 193 0
7 98 0
310 181 0
121 386 0
247 301 0
340 215 0
129 241 0
87 391 0
138 141 0
375 31 0
217 180 0
218 317 0
287 217 0
368 327 0
370 188 0
71 377 0
237 332 0
109 358 0
269 307 0
210 209 0
121 339 0
1 159 0
281 90 0
251 255 0
120 19 0
386 338 0
336 224 0
106 169 0
105 25 0
47 26 0
212 118 0
2 49 0
49 63 0
358 318 0
369 167 0
78 42 0
57 30 0
152 337 0
119 3 0
143 190 0
21 128 0
351 184 0
77 7 0
208 123 0
33 20 0
192 386 0
20 193 0
400 329 0
62 369 0
95 91 0
362 104 0
72 113 0
40 190 0
115 183 0
331 88 0
262 10 0
395 165 0
193 71 0
123 1 0
146 107 0
372 289 0
93 391 0
81 44 0
319 94 0
12 365 0
184 373 0
68 255 0
38 60 0
396 152 0
194 327 0
239 55 0
336 186 0
171 80 0
208 294 0
80 305 0
400 51 0
194 44 0
393 226 0
88 263 0
320 51 0
180 103 0
376 199 0
310 13 0
258 305 0
116 3 0
183 355 0
58 70 0
92 180 0
150 299 0
73 181 0
204 25 0
232 349 0
68 176 0
174 107 0
391 45 0
158 122 0
100 133 0
320 9 0
145 130 0
265 260 0
132 48 0
166 141 0
117 209 0
108 345 0
399 263 0
369 182 0
163 37 0
309 288 0
95 299 0
333 252 0
372 32 0
336 244 0
40 32 0
373 304 0
244 56 0
303 361 0
149 372 0
170 69 0
189 229 0
365 139 0
43 334 0
320 205 0
322 229 0
92 16 0
79 24 0
220 3 0
7 155 0
246 46 0
187 218 0
302 382 0
225 204 0
342 373 0
127 111 0
393 268 0
291 358 0
6 333 0
291 278 0
137 164 0
131 88 0
156 350 0
90 163 0
105 335 0
208 243 0
104 61 0
224 329 0
217 117 0
253 343 0
228 246 0
162 118 0
155 168 0
3 45 0
397 139 0
160 54 0
271 290 0
141 27 0
240 231 0
189 296 0
165 348 0
90 221 0
361 265 0
149 177 0
381 353 0
71 208 0
278 352 0
352 232 0
370 107 0
1 193 0
349 93 0
219 188 0
323 359 0
35 40 0
306 124 0
212 218 0
388 360 0
394 368 0
312 17 0
128 62 0
365 152 0
188 313 0
51 109 0
371 3 0
301 319 0
95 71 0
58 370 0
29 92 0
9 287 0
167 220 0
104 154 0
131 50 0
74 394 0
66 153 0
7 266 0
61 372 0
369 248 0
236 19 0
308 158 0
21 161 0
77 115 0
231 86 0
84 212 0
130 44 0
50 296 0
215 105 0
2 297 0
154 27 0
243 171 0
131 249 0
388 191 0
172 356 0
374 297 0
165 394 0
57 193 0
61 240 0
230 144 0
3 359 0
140 4 0
207 354 0
108 160 0
203 214 0
186 45 0
336 316 0
58 17 0
375 253 0
343 91 0
198 352 0
283 258 0
191 113 0
354 145 0
23 93 0
398 207 0
388 200 0
20 125 0
196 356 0
392 41 0
279 49 0
57 109 0
95 383 0
313 38 0
74 111 0
389 356 0
320 131 0
20 273 0
227 43 0
365 374 0
271 315 0
132 211 0
114 152 0
335 310 0
59 327 0
302 289 0
327 310 0
397 22 0
292 310 0
59 365 0
20 399 0
273 339 0
81 292 0
164 307 0
286 80 0
232 157 0
394 363 0
319 60 0
66 205 0
131 222 0
12 58 0
131 361 0
31 22 0
270 89 0
339 241 0
39 211 0
131 119 0
54 294 0
377 340 0
374 208 0
48 367 0
122 366 0
26 188 0
170 298 0
263 253 0
119 227 0
262 201 0
187 292 0
175 8 0
332 113 0
248 322 0
275 330 0
40 328 0
224 16 0
219 197 0
175 266 0
115 248 0
183 93 0
387 353 0
390 250 0
157 109 0
28 370 0
309 166 0
213 35 0
173 96 0
147 372 0
17 21 0
301 56 0
301 124 0
23 119 0
272 149 0
385 339 0
348 167 0
31 335 0
71 372 0
80 163 0
148 341 0
328 312 0
375 52 0
7 74 0
46 275 0
30 346 0
399 4 0
17 222 0
152 353 0
160 100 0
119 142 0
386 142 0
114 121 0
320 145 0
283 20 0
37 162 0
283 364 0
213 290 0
37 187 0
312 34 0
61 294 0
332 11 0
297 348 0
233 1 0
300 344 0
52 370 0
38 37 0
111 151 0
157 383 0
247 391 0
354 284 0
104 236 0
125 235 0
54 389 0
220 114 0
282 151 0
77 130 0
98 309 0
130 349 0
204 181 0
319 193 0
169 381 0
343 277 0
363 142 0
267 268 0
25 322 0
56 223 0
189 132 0
9 242 0
120 228 0
308 353 0
379 384 0
83 28 0
244 164 0
377 399 0
297 295 0
192 65 0
342 190 0
227 160 0
9 251 0
82 64 0
25 222 0
196 33 0
64 267 0
213 323 0
172 143 0
306 206 0
122 149 0
321 98 0
99 217 0
344 290 0
282 171 0
376 175 0
312 202 0
286 320 0
5 319 0
336 29 0
141 83 0
14 156 0
301 226 0
78 72 0
320 383 0
229 41 0
83 150 0
139 181 0
366 34 0
23 199 0
204 398 0
325 115 0
199 163 0
387 203 0
81 322 0
184 173 0
4 197 0
328 256 0
374 357 0
280 293 0
339 108 0
285 373 0
209 375 0
106 127 0
9 128 0
277 164 0
77 202 0
279 275 0
364 217 0
30 396 0
138 213 0
169 93 0
361 48 0
348 334 0
5 227 0
178 295 0
287 62 0
173 397 0
4 50 0
160 80 0
251 390 0
354 166 0
206 335 0
99 281 0
387 59 0
329 287 0
344 333 0
65 73 0
179 303 0
87 46 0
350 75 0
322 122 0
71 325 0
4 373 0
172 310 0
90 377 0
244 203 0
272 295 0
83 210 0
353 363 0
96 249 0
247 113 0
321 26 0
15 7 0
23 364 0
81 345 0
38 103 0
221 208 0
285 225 0
181 56 0
86 270 0
384 281 0
24 255 0
175 107 0
17 128 0
21 64 0
376 220 0
176 296 0
245 143 0
255 219 0
58 335 0
163 95 0
390 384 0
303 274 0
160 35 0
281 245 0
256 264 0
125 280 0
71 252 0
338 87 0
379 310 0
150 306 0
129 278 0
372 7 0
192 29 0
294 306 0
124 283 0
241 378 0
156 352 0
364 36 0
148 219 0
251 225 0
50 321 0
76 339 0
359 54 0
249 109 0
311 377 0
338 63 0
302 309 0
70 45 0
289 315 0
302 12 0
197 95 0
341 304 0
46 256 0
291 194 0
75 141 0
370 76 0
62 45 0
367 20 0
50 215 0
80 360 0
143 369 0
374 44 0
229 395 0
40 118 0
309 342 0
81 105 0
388 22 0
360 33 0
277 250 0
178 303 0
391 147 0
331 4 0
143 297 0
375 192 0
63 7 0
103 205 0
375 77 0
201 204 0
23 240 0
321 332 0
133 1 0
388 120 0
374 348 0
105 203 0
197 282 0
57 187 0
381 387 0
190 123 0
235 117 0
267 297 0
123 321 0
102 97 0
349 254 0
252 372 0
45 124 0
303 178 0
77 290 0
249 50 0
237 305 0
204 386 0
139 261 0
172 119 0
199 314 0
193 386 0
30 11 0
282 104 0
284 335 0
152 232 0
188 4 0
155 185 0
79 57 0
314 155 0
299 162 0
205 87 0
19 360 0
72 157 0
220 196 0
227 371 0
109 19 0
356 90 0
382 189 0
145 265 0
124 296 0
48 263 0
251 203 0
47 330 0
211 312 0
84 109 0
74 240 0
148 44 0
200 219 0
200 371 0
14 26 0
341 74 0
396 248 0
115 329 0
37 211 0
193 112 0
107 193 0
326 309 0
395 325 0
190 205 0
236 226 0
65 13 0
304 216 0
183 103 0
139 149 0
80 31 0
174 76 0
279 241 0
4 267 0
51 149 0
378 157 0
341 255 0
18 287 0
179 207 0
43 15 0
32 260 0
227 49 0
272 131 0
216 7 0
233 354 0
107 313 0
385 280 0
120 295 0
81 171 0
43 10 0
279 335 0
264 296 0
221 43 0
55 216 0
75 235 0
86 299 0
365 302 0
305 150 0
207 11 0
14 191 0
242 305 0
5 362 0
199 37 0
84 242 0
46 362 0
128 310 0
210 349 0
304 264 0
116 312 0
301 190 0
98 387 0
88 15 0
240 392 0
116 46 0
354 81 0
237 148 0
385 193 0
109 183 0
376 275 0
105 104 0
4 39 0
129 119 0
302 30 0
308 400 0
368 348 0
14 207 0
291 81 0
252 245 0
161 88 0
392 145 0
233 52 0
279 62 0
195 207 0
288 251 0
262 24 0
117 265 0
62 197 0
335 316 0
178 194 0
315 145 0
141 280 0
351 32 0
360 203 0
242 171 0
168 26 0
174 46 0
87 320 0
204 327 0
122 65 0
350 190 0
281 363 0
387 215 0
278 164 0
361 144 0
309 101 0
23 211 0
84 334 0
365 263 0
5 207 0
33 172 0
232 206 0
170 271 0
77 373 0
149 199 0
38 50 0
364 374 0
85 242 0
90 45 0
337 350 0
97 312 0
160 181 0
197 77 0
43 202 0
283 28 0
325 66 0
185 46 0
288 262 0
371 36 0
60 360 0
85 399 0
277 49 0
325 313 0
242 14 0
357 130 0
315 54 0
186 238 0
150 180 0
391 384 0
207 267 0
2 392 0
265 241 0
205 235 0
277 216 0
194 313 0
214 22 0
313 138 0
335 106 0
103 243 0
188 17 0
248 228 0
43 33 0
17 192 0
165 359 0
128 371 0
178 81 0
314 42 0
321 118 0
228 149 0
333 21 0
14 99 0
42 278 0
236 328 0
384 291 0
307 370 0
350 349 0
355 319 0
93 119 0
277 172 0
89 6 0
252 355 0
47 124 0
72 274 0
273 357 0
246 238 0
115 242 0
167 50 0
132 289 0
172 391 0
211 122 0
339 165 0
392 31 0
283 268 0
226 5 0
277 272 0
129 301 0
98 353 0
209 343 0
190 215 0
134 256 0
8 301 0
306 92 0
141 77 0
82 351 0
150 20 0
115 141 0
3 349 0
361 204 0
224 186 0
161 100 0
9 289 0
352 106 0
241 112 0
1 382 0
326 134 0
237 334 0
